# 5x5x5 wireframe cube with ~20 points per edge
# 224 points total
# Format: x y z

17.500000 14.605263 17.500000
17.500000 16.973684 17.500000
17.500000 17.500000 13.289474
12.500000 13.552632 12.500000
17.500000 17.236842 12.500000
15.394737 17.500000 17.500000
13.552632 12.500000 12.500000
12.500000 17.500000 15.131579
17.500000 17.500000 17.236842
15.394737 12.500000 12.500000
12.500000 17.500000 13.552632
13.026316 17.500000 12.500000
12.500000 12.500000 14.342105
12.500000 15.394737 17.500000
17.500000 12.500000 16.447368
17.236842 17.500000 12.500000
12.500000 17.500000 17.500000
12.500000 17.500000 15.921053
12.500000 12.763158 12.500000
16.447368 12.500000 12.500000
12.500000 12.500000 16.710526
14.078947 12.500000 17.500000
12.500000 14.342105 17.500000
12.500000 14.605263 17.500000
17.500000 17.500000 16.184211
12.500000 16.710526 17.500000
12.763158 17.500000 17.500000
17.500000 15.131579 17.500000
14.605263 12.500000 17.500000
12.500000 17.500000 16.447368
17.500000 12.500000 14.078947
17.500000 12.500000 12.500000
13.815789 12.500000 17.500000
15.657895 12.500000 17.500000
12.500000 13.815789 17.500000
17.500000 14.605263 12.500000
17.500000 17.500000 15.657895
12.500000 15.921053 17.500000
12.500000 12.500000 12.763158
17.500000 12.500000 14.868421
17.500000 16.184211 17.500000
17.500000 16.447368 17.500000
17.500000 16.973684 12.500000
15.394737 17.500000 12.500000
12.500000 12.500000 15.394737
12.500000 15.394737 12.500000
17.500000 13.289474 17.500000
16.973684 17.500000 17.500000
17.500000 13.552632 17.500000
12.500000 17.500000 14.078947
12.500000 17.500000 12.500000
17.500000 17.500000 14.605263
12.500000 12.500000 13.289474
14.078947 12.500000 12.500000
12.500000 14.342105 12.500000
12.500000 17.500000 14.868421
12.500000 14.605263 12.500000
14.342105 17.500000 17.500000
16.710526 12.500000 17.500000
17.500000 17.500000 16.973684
12.500000 12.500000 17.236842
12.500000 14.078947 17.500000
12.500000 16.184211 17.500000
12.763158 17.500000 12.500000
12.500000 16.710526 12.500000
17.500000 12.763158 17.500000
17.500000 15.131579 12.500000
14.605263 12.500000 12.500000
17.500000 14.868421 17.500000
15.131579 12.500000 17.500000
13.815789 12.500000 12.500000
15.921053 12.500000 17.500000
17.500000 12.500000 13.026316
13.552632 17.500000 17.500000
12.500000 12.500000 16.184211
12.500000 15.921053 12.500000
17.500000 16.184211 12.500000
17.500000 16.447368 12.500000
17.500000 12.500000 15.394737
12.500000 15.657895 17.500000
17.500000 12.500000 13.815789
16.447368 17.500000 17.500000
12.500000 12.500000 15.657895
17.500000 13.289474 12.500000
16.973684 17.500000 12.500000
17.500000 13.552632 12.500000
17.500000 13.026316 17.500000
16.184211 12.500000 17.500000
14.868421 12.500000 17.500000
12.500000 17.500000 13.026316
17.500000 17.500000 15.131579
17.500000 17.500000 13.552632
16.710526 17.500000 17.500000
17.500000 12.500000 14.342105
17.500000 15.394737 17.500000
14.342105 17.500000 12.500000
12.500000 17.500000 15.394737
17.500000 17.500000 17.500000
12.500000 14.078947 12.500000
12.500000 17.500000 13.815789
17.500000 17.500000 15.921053
12.500000 16.184211 12.500000
17.500000 12.763158 12.500000
12.500000 12.500000 14.605263
17.500000 12.500000 16.710526
17.500000 14.342105 17.500000
17.500000 14.868421 12.500000
15.131579 12.500000 12.500000
13.026316 12.500000 17.500000
12.500000 12.500000 16.973684
15.921053 17.500000 17.500000
17.500000 16.710526 17.500000
15.921053 12.500000 12.500000
13.552632 17.500000 12.500000
12.500000 17.500000 14.342105
17.500000 17.500000 16.447368
12.500000 15.657895 12.500000
17.500000 13.815789 17.500000
16.447368 17.500000 12.500000
12.500000 17.500000 16.710526
12.500000 17.236842 17.500000
17.500000 15.921053 17.500000
14.078947 17.500000 17.500000
17.500000 12.500000 12.763158
17.500000 12.500000 15.921053
17.500000 13.026316 12.500000
16.184211 12.500000 12.500000
14.868421 12.500000 12.500000
16.184211 17.500000 12.500000
16.710526 17.500000 12.500000
14.605263 17.500000 17.500000
17.500000 15.394737 12.500000
13.289474 12.500000 17.500000
15.657895 12.500000 12.500000
12.500000 13.289474 17.500000
12.500000 13.815789 12.500000
17.500000 17.500000 14.078947
17.500000 17.500000 12.500000
13.815789 17.500000 17.500000
17.500000 12.500000 13.289474
12.500000 17.500000 12.763158
17.500000 14.342105 12.500000
17.500000 17.500000 14.868421
12.500000 12.500000 13.552632
13.026316 12.500000 12.500000
12.500000 12.500000 15.131579
17.500000 12.500000 17.236842
15.921053 17.500000 12.500000
17.500000 14.078947 17.500000
17.500000 16.710526 12.500000
12.500000 12.500000 17.500000
15.657895 17.500000 17.500000
12.500000 12.500000 15.921053
12.500000 14.868421 17.500000
12.500000 16.973684 17.500000
12.500000 17.500000 13.289474
17.500000 12.500000 16.184211
16.710526 12.500000 12.500000
12.500000 17.236842 12.500000
12.763158 12.500000 17.500000
17.500000 15.921053 12.500000
14.078947 17.500000 12.500000
17.236842 12.500000 17.500000
12.500000 17.500000 17.236842
17.500000 15.657895 17.500000
12.500000 16.447368 12.500000
12.500000 12.500000 16.447368
13.289474 17.500000 17.500000
17.500000 12.500000 15.657895
14.605263 17.500000 12.500000
15.131579 17.500000 17.500000
13.289474 12.500000 12.500000
12.500000 13.289474 12.500000
13.815789 17.500000 12.500000
12.500000 13.026316 17.500000
17.500000 17.500000 13.026316
12.500000 17.500000 16.184211
12.500000 15.131579 17.500000
17.500000 17.500000 15.394737
16.973684 12.500000 17.500000
17.500000 14.078947 12.500000
17.500000 17.500000 13.815789
12.500000 12.500000 14.078947
12.500000 12.500000 12.500000
17.500000 12.500000 14.605263
15.657895 17.500000 12.500000
12.500000 17.500000 15.657895
12.500000 14.868421 12.500000
12.500000 12.500000 14.868421
17.500000 12.500000 16.973684
14.342105 12.500000 17.500000
12.500000 16.447368 17.500000
12.500000 16.973684 12.500000
16.184211 17.500000 17.500000
14.868421 17.500000 17.500000
17.236842 12.500000 12.500000
12.763158 12.500000 12.500000
17.500000 17.500000 14.342105
17.500000 15.657895 12.500000
12.500000 13.552632 17.500000
12.500000 17.500000 14.605263
17.500000 17.500000 16.710526
17.500000 17.236842 17.500000
13.289474 17.500000 12.500000
13.552632 12.500000 17.500000
15.131579 17.500000 12.500000
15.394737 12.500000 17.500000
13.026316 17.500000 17.500000
12.500000 17.500000 16.973684
17.236842 17.500000 17.500000
12.500000 13.026316 12.500000
12.500000 12.763158 17.500000
12.500000 15.131579 12.500000
16.447368 12.500000 17.500000
17.500000 13.815789 12.500000
16.973684 12.500000 12.500000
17.500000 17.500000 12.763158
12.500000 12.500000 13.026316
17.500000 12.500000 15.131579
17.500000 12.500000 13.552632
14.342105 12.500000 12.500000
17.500000 12.500000 17.500000
14.868421 17.500000 12.500000
12.500000 12.500000 13.815789
