# Random 3D Mesh
# Grid: 20x20 points with random heights
# Region size: 8.0x8.0, Height range: ±3.0
# Adjacent points connected with random colored lines

# Points
p 0.083656 2.650176 -0.284994
p -0.166074 5.060197 0.562935
p 0.235308 3.531531 0.594269
p -0.282122 4.032132 1.094341
p -0.284078 4.899307 1.503513
p 0.026965 4.535594 1.937528
p 0.185658 5.834916 2.230215
p 0.118884 1.932877 2.851519
p 0.274328 1.556475 3.270378
p -0.241970 4.622356 3.997970
p 0.184277 4.217369 4.348365
p 0.283869 4.312244 4.558700
p 0.197643 6.170241 5.123743
p 0.046411 1.274946 5.596427
p -0.163261 1.478752 5.768370
p -0.160325 2.667842 6.076390
p 0.081411 3.221086 6.655741
p -0.174296 6.619928 7.018081
p 0.088821 2.026832 7.644426
p 0.137476 3.276733 7.798041
p 0.714767 4.341698 0.084000
p 0.531821 5.655999 0.626764
p 0.258481 2.892718 0.561365
p 0.281697 6.657458 1.089748
p 0.646873 4.932632 1.573017
p 0.358432 3.753111 2.353992
p 0.279981 4.368209 2.374292
p 0.278698 6.386937 2.998120
p 0.360693 6.985226 3.200014
p 0.426768 1.282698 3.544019
p 0.186842 5.752476 4.286994
p 0.374349 3.289716 4.369696
p 0.718725 6.826470 5.070100
p 0.637520 5.324331 5.180573
p 0.530079 2.600951 5.916919
p 0.505630 3.608592 6.082721
p 0.393287 6.255118 7.009132
p 0.279086 2.071911 7.158246
p 0.668629 2.790669 7.801259
p 0.504422 1.917036 8.065382
p 0.999612 5.671759 0.023627
p 0.860317 2.944936 0.121396
p 0.553791 6.272331 1.099564
p 1.041105 1.347551 1.147666
p 1.068911 1.513921 1.952380
p 0.833700 5.563613 1.846791
p 1.001606 3.851694 2.303351
p 0.871987 6.234598 2.806402
p 0.795988 4.235777 3.195500
p 0.980064 2.870298 3.610164
p 1.139195 3.628601 4.300453
p 0.852651 2.348184 4.404181
p 0.744957 2.380688 5.105617
p 0.674236 4.786618 5.216280
p 0.679470 6.157812 6.137989
p 0.584620 5.013867 6.158592
p 0.670647 6.613085 6.516229
p 0.884731 5.707717 7.141497
p 1.026603 1.581585 7.393193
p 0.800736 3.802148 7.954147
p 1.400603 6.904991 0.104019
p 1.022209 3.035816 0.362625
p 1.480161 2.141253 0.691299
p 1.232326 2.671271 1.216287
p 1.113042 3.658784 1.938170
p 1.479967 1.303530 2.135458
p 1.562727 6.813978 2.727932
p 1.518978 1.997867 3.156586
p 1.254543 3.406242 3.196669
p 0.998339 6.911853 3.716858
p 1.122280 3.730050 4.380969
p 1.216962 6.972536 4.905970
p 1.296619 1.928781 5.183677
p 1.141183 4.475082 5.754910
p 1.288475 1.342992 6.043522
p 1.313664 6.116319 6.317500
p 1.057618 1.480669 7.013309
p 1.074653 5.051275 7.214916
p 1.104280 6.341724 7.350879
p 1.110887 4.716289 8.056711
p 1.635745 4.136696 0.050203
p 1.945034 5.297151 0.243608
p 1.527422 5.030141 0.779577
p 1.564209 5.511187 1.152864
p 1.427736 6.990727 1.659182
p 1.981868 2.278926 1.849220
p 1.543331 6.285185 2.786271
p 1.911773 1.946481 2.869085
p 1.884457 4.670067 3.490545
p 1.976550 1.046939 3.881859
p 1.874473 4.980332 4.090154
p 1.947569 1.692572 4.412154
p 1.448432 2.634089 5.084566
p 1.747108 2.221584 5.604252
p 1.764753 3.931191 5.753127
p 1.927412 1.553791 6.523452
p 1.638356 1.021274 6.602850
p 1.846882 2.571732 7.240163
p 1.828949 3.566122 7.609956
p 1.390012 6.298638 7.745146
p 2.347620 6.007570 0.027354
p 2.154769 1.764673 0.209909
p 1.990218 5.776734 1.081494
p 2.321685 2.260459 1.502513
p 1.954981 5.680697 1.445887
p 2.335744 4.723969 2.049090
p 1.897995 6.187634 2.784244
p 2.390987 6.288497 3.133831
p 1.820135 2.993113 3.510360
p 2.363753 6.184384 3.970815
p 2.291713 5.724247 4.070610
p 1.870121 6.151560 4.854879
p 1.938723 3.761819 5.242584
p 1.988378 2.365573 5.650892
p 1.819462 2.969572 5.710615
p 2.323875 2.674750 6.595923
p 2.190152 6.886898 6.676649
p 2.126993 1.692051 7.421437
p 2.387504 6.775206 7.386088
p 1.964543 3.607383 7.765042
p 2.663443 4.637253 -0.111794
p 2.533170 4.459528 0.352170
p 2.379149 1.010148 0.967376
p 2.781661 5.316580 1.286229
p 2.671486 3.185329 1.786588
p 2.268300 2.981200 2.203806
p 2.414665 5.318526 2.735125
p 2.406509 3.450357 2.832939
p 2.467756 1.763727 3.245814
p 2.478584 5.063908 4.053692
p 2.767999 2.805699 4.279835
p 2.555078 2.721482 4.331823
p 2.484249 4.928234 5.100622
p 2.505309 2.282208 5.438980
p 2.510228 5.776149 6.135445
p 2.328131 4.092712 6.066667
p 2.606080 5.910541 6.637955
p 2.676999 2.347844 7.261572
p 2.345794 2.469055 7.293603
p 2.511398 1.436969 8.209843
p 2.896033 2.166611 0.077859
p 3.065181 2.463907 0.417679
p 3.041003 5.505787 0.545432
p 3.109396 3.550877 1.027110
p 2.752900 4.107747 1.958990
p 2.677499 6.090018 1.954782
p 2.921246 5.005466 2.707166
p 3.240104 6.700238 3.004640
p 3.182224 5.315644 3.436012
p 2.950235 4.287232 3.987815
p 3.185693 3.848047 4.356720
p 2.802883 4.825969 4.479923
p 3.106857 4.760491 5.065411
p 2.812127 2.714369 5.220174
p 2.810397 4.240913 5.786563
p 2.730393 5.163699 6.154546
p 3.071220 3.445596 6.475379
p 2.972935 2.241006 7.107359
p 2.899455 4.504476 7.821850
p 3.064682 5.593567 8.214039
p 3.296650 3.110553 -0.296462
p 3.520506 6.720582 0.633121
p 3.319834 4.276794 0.990615
p 3.430373 2.316530 1.095481
p 3.329923 3.016777 1.401625
p 3.475906 1.990268 2.047853
p 3.348855 4.733542 2.302892
p 3.084601 4.386352 2.883781
p 3.084682 1.814197 3.454071
p 3.345440 3.274623 3.519644
p 3.195417 5.567378 4.106634
p 3.295897 5.991546 4.782785
p 3.219784 1.116300 4.801775
p 3.392072 3.099762 5.773629
p 3.458508 4.910528 6.063477
p 3.520961 2.196164 6.585557
p 3.080649 1.757326 6.528272
p 3.470096 2.307787 7.196276
p 3.488100 2.006735 7.739086
p 3.432770 1.687197 8.148755
p 3.981054 1.648592 0.278832
p 3.504881 5.064084 0.308227
p 4.064377 5.290088 0.780098
p 3.535072 4.763454 1.377527
p 3.550614 6.101759 1.847699
p 3.849721 6.903066 1.877896
p 3.959055 3.570268 2.434638
p 3.711816 3.047387 2.950945
p 3.999219 1.633233 3.561820
p 4.065946 5.972244 3.870825
p 3.913859 5.402772 4.171819
p 4.068758 5.849195 4.493628
p 3.812377 3.613447 5.042730
p 3.928089 6.110279 5.334722
p 3.987912 6.289787 5.646735
p 3.635792 4.661990 6.294615
p 3.716867 6.105717 6.454062
p 3.598578 5.786994 6.985167
p 3.693677 5.207103 7.807139
p 3.655235 6.688375 7.706091
p 3.961894 3.931467 0.132045
p 4.365425 4.875417 0.535418
p 4.205019 1.558320 1.017865
p 4.043484 2.837236 1.378230
p 4.259460 4.185532 1.668167
p 4.165829 2.984748 2.252824
p 4.332239 2.508422 2.388866
p 3.982920 1.717328 2.762919
p 4.232045 2.110899 3.525735
p 4.040357 5.347510 3.779993
p 4.496491 2.697992 4.225308
p 3.970842 2.364899 4.448049
p 4.018191 4.204811 4.761121
p 4.075113 4.320154 5.758261
p 4.328977 6.210767 5.670505
p 4.205054 4.444385 6.539421
p 4.192164 2.106182 6.701123
p 3.941352 3.866375 7.422533
p 4.403796 1.444493 7.519372
p 4.288194 1.895186 7.732165
p 4.669283 6.963509 -0.117699
p 4.402650 4.637906 0.579719
p 4.806023 4.135435 0.677518
p 4.601888 6.161000 1.228790
p 4.925598 4.726164 1.567439
p 4.697357 6.685541 2.249317
p 4.456252 4.962569 2.352931
p 4.425813 1.450389 2.751657
p 4.333184 4.562867 3.338723
p 4.506335 5.241735 3.628359
p 4.753371 5.124310 4.182945
p 4.885926 4.750348 4.804276
p 4.728289 3.550834 5.312833
p 4.658316 6.450469 5.562265
p 4.827558 1.995537 5.637583
p 4.516146 4.415242 6.465164
p 4.504745 5.132068 6.511454
p 4.751419 4.002833 7.423500
p 4.627856 1.239165 7.327212
p 4.590796 2.502207 7.893393
p 4.807428 6.015752 0.277147
p 5.097751 6.997435 0.691524
p 5.156001 1.241390 0.703812
p 5.206393 4.909057 1.245458
p 5.302275 4.511978 1.493104
p 5.133502 1.547454 2.100299
p 4.961408 5.020801 2.426301
p 5.267271 5.162042 2.845251
p 4.925562 5.881396 3.635537
p 5.082690 2.887103 3.762369
p 4.946596 3.425050 4.492637
p 5.061389 4.945962 4.924450
p 5.078188 2.125495 5.000580
p 4.969699 4.752452 5.627550
p 5.208626 4.295318 5.716872
p 5.309235 5.189500 6.278659
p 4.825487 4.653230 7.020730
p 4.896210 4.305034 6.952922
p 5.083982 6.953543 7.334873
p 5.300390 1.704797 7.976869
p 5.672970 5.299620 -0.000975
p 5.479007 6.008344 0.285108
p 5.761831 4.307590 0.688344
p 5.403836 4.049445 1.516279
p 5.701280 2.657484 1.902627
p 5.647688 6.605490 2.054229
p 5.478327 2.697034 2.718645
p 5.352818 6.993414 2.999531
p 5.467468 4.231483 3.157578
p 5.380759 4.260580 3.820624
p 5.446891 2.131914 4.103593
p 5.592183 2.401375 4.674658
p 5.639011 5.468231 4.778820
p 5.596821 3.316473 5.660530
p 5.571898 6.884909 6.087185
p 5.470881 4.013747 6.038001
p 5.527792 6.245142 6.958662
p 5.437868 3.741568 7.173465
p 5.607151 4.928688 7.524935
p 5.266301 6.815222 7.981694
p 5.797874 4.899020 0.115623
p 6.105796 6.156053 0.632457
p 5.822742 5.312305 0.732102
p 6.050378 1.215395 1.486588
p 5.635789 6.525575 1.762907
p 6.193192 3.603829 2.253323
p 5.653803 6.235475 2.606564
p 5.860944 6.420544 3.063769
p 5.622331 2.760207 3.546107
p 5.819641 4.186998 3.576816
p 5.934294 2.019902 4.386038
p 5.642118 4.718262 4.854083
p 5.739235 1.858706 5.300329
p 5.871427 2.531960 5.326071
p 5.600375 6.407257 6.077517
p 6.001303 3.650379 6.110575
p 5.802076 4.833632 6.789385
p 5.849322 6.071824 7.007954
p 5.714267 3.899248 7.509763
p 5.737060 4.448872 8.043154
p 6.611405 6.867667 -0.122862
p 6.410727 4.395574 0.285741
p 6.427269 1.294266 0.988907
p 6.379633 6.424932 1.261194
p 6.187506 4.642390 1.863527
p 6.227182 4.725347 2.187234
p 6.422448 4.955089 2.658873
p 6.518792 6.420422 3.024317
p 6.403594 3.644939 3.253781
p 6.363534 1.540800 3.928890
p 6.192856 2.053840 4.359015
p 6.095085 6.828937 4.655224
p 6.334301 5.982836 5.300724
p 6.169972 3.891087 5.668498
p 6.499683 3.032292 6.042672
p 6.084891 1.844542 6.593525
p 6.595690 5.345300 6.952926
p 6.603755 5.827526 7.438257
p 6.235255 1.083512 7.753357
p 6.337733 5.036970 7.972872
p 6.840247 5.934504 0.050736
p 7.001017 2.402931 0.186060
p 6.451857 4.368444 1.072646
p 6.985996 1.379302 1.095978
p 6.931155 2.813141 1.929843
p 6.681820 6.677569 1.889129
p 6.619461 1.583152 2.521891
p 6.969198 3.721863 2.728767
p 6.839134 6.675845 3.514305
p 6.688318 1.927137 3.934835
p 6.685773 3.936082 3.969939
p 6.681712 1.196298 4.902492
p 6.659160 6.703331 5.018661
p 6.950112 5.114082 5.233297
p 6.763522 3.152043 6.181442
p 6.675726 1.732958 6.129675
p 6.945662 4.976612 6.709673
p 6.821865 1.128145 7.216182
p 6.908919 1.755543 7.425089
p 6.775589 5.590944 7.741166
p 6.982189 6.218173 -0.170429
p 7.055030 6.403186 0.209585
p 6.859596 1.868128 1.057149
p 6.935890 2.046983 1.113550
p 7.254529 1.089162 1.399679
p 7.331886 2.942629 1.948022
p 6.962442 5.450308 2.257755
p 7.173546 3.857476 3.094768
p 7.324705 1.654324 3.376364
p 7.160198 1.260190 4.056723
p 7.327831 4.128707 4.430715
p 7.132720 1.364952 4.909995
p 7.145284 5.116585 4.993602
p 7.152056 1.440944 5.719505
p 6.906369 1.394093 5.959715
p 7.022904 4.290139 6.395636
p 7.053006 4.183341 7.033619
p 7.130124 1.595071 7.221151
p 7.278962 4.905500 7.790623
p 7.319272 2.290138 8.132504
p 7.549880 3.033590 -0.162904
p 7.551047 1.570515 0.370646
p 7.535006 3.245806 0.941170
p 7.370531 1.402800 1.516949
p 7.778011 1.579387 1.440149
p 7.722225 4.338224 2.292325
p 7.630826 2.977876 2.563268
p 7.352286 4.992043 2.859527
p 7.729118 5.326364 3.589276
p 7.859987 3.109877 3.849720
p 7.625698 4.940418 4.038170
p 7.413494 6.072241 4.396510
p 7.499484 4.444600 5.210195
p 7.763280 6.847280 5.680777
p 7.770003 4.856195 5.962881
p 7.294700 5.976765 6.573240
p 7.439416 5.216193 6.545092
p 7.464338 1.036635 7.061790
p 7.800865 3.404706 7.618740
p 7.364072 1.183943 8.079903
p 8.147667 3.518995 -0.170920
p 7.904538 5.329576 0.343084
p 8.166101 1.509742 0.882661
p 7.731565 4.707029 1.057604
p 8.104381 4.971632 1.547472
p 7.991397 2.639001 2.070490
p 8.152966 3.579482 2.294606
p 7.869948 3.919797 3.054460
p 8.100280 3.371580 3.095671
p 8.059595 2.808516 3.494086
p 7.826740 2.533117 3.992867
p 7.896873 5.482085 4.336217
p 7.805417 5.222028 4.980756
p 8.000157 5.837201 5.673697
p 7.743245 1.253814 6.111795
p 7.711245 6.172660 6.568487
p 8.045455 5.256994 6.780882
p 7.950616 1.125139 6.926999
p 7.894861 4.708752 7.759741
p 8.199216 1.528779 8.251862

# Connections
lc 0.083656 2.650176 -0.284994 0.714767 4.341698 0.084000 red
lc 0.083656 2.650176 -0.284994 -0.166074 5.060197 0.562935 green
lc -0.166074 5.060197 0.562935 0.531821 5.655999 0.626764 yellow
lc -0.166074 5.060197 0.562935 0.235308 3.531531 0.594269 magenta
lc -0.166074 5.060197 0.562935 0.258481 2.892718 0.561365 blue
lc 0.235308 3.531531 0.594269 0.258481 2.892718 0.561365 cyan
lc 0.235308 3.531531 0.594269 -0.282122 4.032132 1.094341 blue
lc 0.235308 3.531531 0.594269 0.281697 6.657458 1.089748 green
lc -0.282122 4.032132 1.094341 0.281697 6.657458 1.089748 red
lc -0.282122 4.032132 1.094341 -0.284078 4.899307 1.503513 magenta
lc -0.284078 4.899307 1.503513 0.646873 4.932632 1.573017 magenta
lc -0.284078 4.899307 1.503513 0.026965 4.535594 1.937528 magenta
lc -0.284078 4.899307 1.503513 0.358432 3.753111 2.353992 blue
lc 0.026965 4.535594 1.937528 0.358432 3.753111 2.353992 blue
lc 0.026965 4.535594 1.937528 0.185658 5.834916 2.230215 cyan
lc 0.185658 5.834916 2.230215 0.279981 4.368209 2.374292 cyan
lc 0.185658 5.834916 2.230215 0.118884 1.932877 2.851519 green
lc 0.185658 5.834916 2.230215 0.278698 6.386937 2.998120 green
lc 0.118884 1.932877 2.851519 0.278698 6.386937 2.998120 blue
lc 0.118884 1.932877 2.851519 0.274328 1.556475 3.270378 green
lc 0.118884 1.932877 2.851519 0.360693 6.985226 3.200014 green
lc 0.274328 1.556475 3.270378 0.360693 6.985226 3.200014 cyan
lc 0.274328 1.556475 3.270378 -0.241970 4.622356 3.997970 red
lc 0.274328 1.556475 3.270378 0.426768 1.282698 3.544019 cyan
lc -0.241970 4.622356 3.997970 0.426768 1.282698 3.544019 yellow
lc -0.241970 4.622356 3.997970 0.184277 4.217369 4.348365 yellow
lc 0.184277 4.217369 4.348365 0.186842 5.752476 4.286994 magenta
lc 0.184277 4.217369 4.348365 0.283869 4.312244 4.558700 yellow
lc 0.283869 4.312244 4.558700 0.374349 3.289716 4.369696 magenta
lc 0.283869 4.312244 4.558700 0.197643 6.170241 5.123743 cyan
lc 0.197643 6.170241 5.123743 0.718725 6.826470 5.070100 magenta
lc 0.197643 6.170241 5.123743 0.046411 1.274946 5.596427 blue
lc 0.046411 1.274946 5.596427 0.637520 5.324331 5.180573 cyan
lc 0.046411 1.274946 5.596427 -0.163261 1.478752 5.768370 blue
lc 0.046411 1.274946 5.596427 0.530079 2.600951 5.916919 red
lc -0.163261 1.478752 5.768370 0.530079 2.600951 5.916919 yellow
lc -0.163261 1.478752 5.768370 -0.160325 2.667842 6.076390 yellow
lc -0.160325 2.667842 6.076390 0.505630 3.608592 6.082721 blue
lc -0.160325 2.667842 6.076390 0.081411 3.221086 6.655741 magenta
lc -0.160325 2.667842 6.076390 0.393287 6.255118 7.009132 magenta
lc 0.081411 3.221086 6.655741 0.393287 6.255118 7.009132 red
lc 0.081411 3.221086 6.655741 -0.174296 6.619928 7.018081 blue
lc -0.174296 6.619928 7.018081 0.279086 2.071911 7.158246 red
lc -0.174296 6.619928 7.018081 0.088821 2.026832 7.644426 red
lc 0.088821 2.026832 7.644426 0.668629 2.790669 7.801259 blue
lc 0.088821 2.026832 7.644426 0.137476 3.276733 7.798041 red
lc 0.137476 3.276733 7.798041 0.504422 1.917036 8.065382 red
lc 0.714767 4.341698 0.084000 0.999612 5.671759 0.023627 magenta
lc 0.714767 4.341698 0.084000 0.531821 5.655999 0.626764 yellow
lc 0.531821 5.655999 0.626764 0.860317 2.944936 0.121396 magenta
lc 0.531821 5.655999 0.626764 0.258481 2.892718 0.561365 cyan
lc 0.258481 2.892718 0.561365 0.553791 6.272331 1.099564 yellow
lc 0.258481 2.892718 0.561365 0.281697 6.657458 1.089748 magenta
lc 0.281697 6.657458 1.089748 1.041105 1.347551 1.147666 blue
lc 0.281697 6.657458 1.089748 0.646873 4.932632 1.573017 magenta
lc 0.646873 4.932632 1.573017 1.068911 1.513921 1.952380 green
lc 0.646873 4.932632 1.573017 0.358432 3.753111 2.353992 red
lc 0.358432 3.753111 2.353992 0.833700 5.563613 1.846791 blue
lc 0.358432 3.753111 2.353992 0.279981 4.368209 2.374292 cyan
lc 0.358432 3.753111 2.353992 1.001606 3.851694 2.303351 cyan
lc 0.279981 4.368209 2.374292 1.001606 3.851694 2.303351 green
lc 0.279981 4.368209 2.374292 0.278698 6.386937 2.998120 red
lc 0.279981 4.368209 2.374292 0.871987 6.234598 2.806402 yellow
lc 0.278698 6.386937 2.998120 0.871987 6.234598 2.806402 yellow
lc 0.278698 6.386937 2.998120 0.360693 6.985226 3.200014 magenta
lc 0.360693 6.985226 3.200014 0.795988 4.235777 3.195500 green
lc 0.360693 6.985226 3.200014 0.426768 1.282698 3.544019 blue
lc 0.426768 1.282698 3.544019 0.980064 2.870298 3.610164 blue
lc 0.426768 1.282698 3.544019 0.186842 5.752476 4.286994 yellow
lc 0.186842 5.752476 4.286994 1.139195 3.628601 4.300453 blue
lc 0.186842 5.752476 4.286994 0.374349 3.289716 4.369696 cyan
lc 0.374349 3.289716 4.369696 0.852651 2.348184 4.404181 cyan
lc 0.374349 3.289716 4.369696 0.718725 6.826470 5.070100 cyan
lc 0.718725 6.826470 5.070100 0.744957 2.380688 5.105617 blue
lc 0.718725 6.826470 5.070100 0.637520 5.324331 5.180573 red
lc 0.637520 5.324331 5.180573 0.674236 4.786618 5.216280 yellow
lc 0.637520 5.324331 5.180573 0.530079 2.600951 5.916919 blue
lc 0.637520 5.324331 5.180573 0.679470 6.157812 6.137989 cyan
lc 0.530079 2.600951 5.916919 0.679470 6.157812 6.137989 magenta
lc 0.530079 2.600951 5.916919 0.505630 3.608592 6.082721 green
lc 0.505630 3.608592 6.082721 0.584620 5.013867 6.158592 magenta
lc 0.505630 3.608592 6.082721 0.393287 6.255118 7.009132 cyan
lc 0.505630 3.608592 6.082721 0.670647 6.613085 6.516229 blue
lc 0.393287 6.255118 7.009132 0.670647 6.613085 6.516229 blue
lc 0.393287 6.255118 7.009132 0.279086 2.071911 7.158246 cyan
lc 0.279086 2.071911 7.158246 0.884731 5.707717 7.141497 yellow
lc 0.279086 2.071911 7.158246 0.668629 2.790669 7.801259 green
lc 0.668629 2.790669 7.801259 1.026603 1.581585 7.393193 red
lc 0.668629 2.790669 7.801259 0.504422 1.917036 8.065382 blue
lc 0.504422 1.917036 8.065382 0.800736 3.802148 7.954147 cyan
lc 0.999612 5.671759 0.023627 1.400603 6.904991 0.104019 green
lc 0.999612 5.671759 0.023627 0.860317 2.944936 0.121396 cyan
lc 0.860317 2.944936 0.121396 1.022209 3.035816 0.362625 cyan
lc 0.860317 2.944936 0.121396 0.553791 6.272331 1.099564 cyan
lc 0.553791 6.272331 1.099564 1.480161 2.141253 0.691299 red
lc 0.553791 6.272331 1.099564 1.041105 1.347551 1.147666 cyan
lc 1.041105 1.347551 1.147666 1.232326 2.671271 1.216287 magenta
lc 1.041105 1.347551 1.147666 1.068911 1.513921 1.952380 blue
lc 1.041105 1.347551 1.147666 1.113042 3.658784 1.938170 blue
lc 1.068911 1.513921 1.952380 1.113042 3.658784 1.938170 green
lc 1.068911 1.513921 1.952380 0.833700 5.563613 1.846791 green
lc 0.833700 5.563613 1.846791 1.479967 1.303530 2.135458 yellow
lc 0.833700 5.563613 1.846791 1.001606 3.851694 2.303351 green
lc 0.833700 5.563613 1.846791 1.562727 6.813978 2.727932 green
lc 1.001606 3.851694 2.303351 1.562727 6.813978 2.727932 green
lc 1.001606 3.851694 2.303351 0.871987 6.234598 2.806402 red
lc 1.001606 3.851694 2.303351 1.518978 1.997867 3.156586 red
lc 0.871987 6.234598 2.806402 1.518978 1.997867 3.156586 magenta
lc 0.871987 6.234598 2.806402 0.795988 4.235777 3.195500 magenta
lc 0.795988 4.235777 3.195500 1.254543 3.406242 3.196669 magenta
lc 0.795988 4.235777 3.195500 0.980064 2.870298 3.610164 red
lc 0.980064 2.870298 3.610164 0.998339 6.911853 3.716858 magenta
lc 0.980064 2.870298 3.610164 1.139195 3.628601 4.300453 green
lc 1.139195 3.628601 4.300453 1.122280 3.730050 4.380969 green
lc 1.139195 3.628601 4.300453 0.852651 2.348184 4.404181 green
lc 1.139195 3.628601 4.300453 1.216962 6.972536 4.905970 cyan
lc 0.852651 2.348184 4.404181 1.216962 6.972536 4.905970 magenta
lc 0.852651 2.348184 4.404181 0.744957 2.380688 5.105617 green
lc 0.744957 2.380688 5.105617 1.296619 1.928781 5.183677 red
lc 0.744957 2.380688 5.105617 0.674236 4.786618 5.216280 yellow
lc 0.674236 4.786618 5.216280 1.141183 4.475082 5.754910 cyan
lc 0.674236 4.786618 5.216280 0.679470 6.157812 6.137989 green
lc 0.679470 6.157812 6.137989 1.288475 1.342992 6.043522 magenta
lc 0.679470 6.157812 6.137989 0.584620 5.013867 6.158592 blue
lc 0.584620 5.013867 6.158592 1.313664 6.116319 6.317500 yellow
lc 0.584620 5.013867 6.158592 0.670647 6.613085 6.516229 green
lc 0.670647 6.613085 6.516229 1.057618 1.480669 7.013309 blue
lc 0.670647 6.613085 6.516229 0.884731 5.707717 7.141497 yellow
lc 0.884731 5.707717 7.141497 1.074653 5.051275 7.214916 green
lc 0.884731 5.707717 7.141497 1.026603 1.581585 7.393193 blue
lc 1.026603 1.581585 7.393193 1.104280 6.341724 7.350879 magenta
lc 1.026603 1.581585 7.393193 0.800736 3.802148 7.954147 yellow
lc 0.800736 3.802148 7.954147 1.110887 4.716289 8.056711 blue
lc 1.400603 6.904991 0.104019 1.635745 4.136696 0.050203 magenta
lc 1.400603 6.904991 0.104019 1.022209 3.035816 0.362625 magenta
lc 1.022209 3.035816 0.362625 1.945034 5.297151 0.243608 green
lc 1.022209 3.035816 0.362625 1.480161 2.141253 0.691299 green
lc 1.480161 2.141253 0.691299 1.527422 5.030141 0.779577 green
lc 1.480161 2.141253 0.691299 1.232326 2.671271 1.216287 blue
lc 1.480161 2.141253 0.691299 1.564209 5.511187 1.152864 yellow
lc 1.232326 2.671271 1.216287 1.564209 5.511187 1.152864 blue
lc 1.232326 2.671271 1.216287 1.113042 3.658784 1.938170 magenta
lc 1.113042 3.658784 1.938170 1.427736 6.990727 1.659182 cyan
lc 1.113042 3.658784 1.938170 1.479967 1.303530 2.135458 magenta
lc 1.479967 1.303530 2.135458 1.981868 2.278926 1.849220 blue
lc 1.479967 1.303530 2.135458 1.562727 6.813978 2.727932 red
lc 1.562727 6.813978 2.727932 1.543331 6.285185 2.786271 blue
lc 1.562727 6.813978 2.727932 1.518978 1.997867 3.156586 yellow
lc 1.518978 1.997867 3.156586 1.911773 1.946481 2.869085 green
lc 1.518978 1.997867 3.156586 1.254543 3.406242 3.196669 yellow
lc 1.518978 1.997867 3.156586 1.884457 4.670067 3.490545 green
lc 1.254543 3.406242 3.196669 1.884457 4.670067 3.490545 yellow
lc 1.254543 3.406242 3.196669 0.998339 6.911853 3.716858 blue
lc 0.998339 6.911853 3.716858 1.976550 1.046939 3.881859 yellow
lc 0.998339 6.911853 3.716858 1.122280 3.730050 4.380969 red
lc 1.122280 3.730050 4.380969 1.874473 4.980332 4.090154 blue
lc 1.122280 3.730050 4.380969 1.216962 6.972536 4.905970 green
lc 1.216962 6.972536 4.905970 1.947569 1.692572 4.412154 red
lc 1.216962 6.972536 4.905970 1.296619 1.928781 5.183677 blue
lc 1.216962 6.972536 4.905970 1.448432 2.634089 5.084566 blue
lc 1.296619 1.928781 5.183677 1.448432 2.634089 5.084566 red
lc 1.296619 1.928781 5.183677 1.141183 4.475082 5.754910 cyan
lc 1.141183 4.475082 5.754910 1.747108 2.221584 5.604252 green
lc 1.141183 4.475082 5.754910 1.288475 1.342992 6.043522 green
lc 1.141183 4.475082 5.754910 1.764753 3.931191 5.753127 yellow
lc 1.288475 1.342992 6.043522 1.764753 3.931191 5.753127 cyan
lc 1.288475 1.342992 6.043522 1.313664 6.116319 6.317500 green
lc 1.313664 6.116319 6.317500 1.927412 1.553791 6.523452 yellow
lc 1.313664 6.116319 6.317500 1.057618 1.480669 7.013309 yellow
lc 1.057618 1.480669 7.013309 1.638356 1.021274 6.602850 red
lc 1.057618 1.480669 7.013309 1.074653 5.051275 7.214916 red
lc 1.057618 1.480669 7.013309 1.846882 2.571732 7.240163 green
lc 1.074653 5.051275 7.214916 1.846882 2.571732 7.240163 magenta
lc 1.074653 5.051275 7.214916 1.104280 6.341724 7.350879 cyan
lc 1.104280 6.341724 7.350879 1.828949 3.566122 7.609956 yellow
lc 1.104280 6.341724 7.350879 1.110887 4.716289 8.056711 red
lc 1.110887 4.716289 8.056711 1.390012 6.298638 7.745146 green
lc 1.635745 4.136696 0.050203 2.347620 6.007570 0.027354 red
lc 1.635745 4.136696 0.050203 1.945034 5.297151 0.243608 green
lc 1.945034 5.297151 0.243608 2.154769 1.764673 0.209909 magenta
lc 1.945034 5.297151 0.243608 1.527422 5.030141 0.779577 yellow
lc 1.945034 5.297151 0.243608 1.990218 5.776734 1.081494 yellow
lc 1.527422 5.030141 0.779577 1.990218 5.776734 1.081494 magenta
lc 1.527422 5.030141 0.779577 1.564209 5.511187 1.152864 magenta
lc 1.527422 5.030141 0.779577 2.321685 2.260459 1.502513 magenta
lc 1.564209 5.511187 1.152864 2.321685 2.260459 1.502513 magenta
lc 1.564209 5.511187 1.152864 1.427736 6.990727 1.659182 green
lc 1.427736 6.990727 1.659182 1.954981 5.680697 1.445887 blue
lc 1.427736 6.990727 1.659182 1.981868 2.278926 1.849220 yellow
lc 1.427736 6.990727 1.659182 2.335744 4.723969 2.049090 blue
lc 1.981868 2.278926 1.849220 2.335744 4.723969 2.049090 green
lc 1.981868 2.278926 1.849220 1.543331 6.285185 2.786271 magenta
lc 1.543331 6.285185 2.786271 1.897995 6.187634 2.784244 cyan
lc 1.543331 6.285185 2.786271 1.911773 1.946481 2.869085 cyan
lc 1.543331 6.285185 2.786271 2.390987 6.288497 3.133831 blue
lc 1.911773 1.946481 2.869085 2.390987 6.288497 3.133831 red
lc 1.911773 1.946481 2.869085 1.884457 4.670067 3.490545 magenta
lc 1.884457 4.670067 3.490545 1.820135 2.993113 3.510360 magenta
lc 1.884457 4.670067 3.490545 1.976550 1.046939 3.881859 magenta
lc 1.884457 4.670067 3.490545 2.363753 6.184384 3.970815 yellow
lc 1.976550 1.046939 3.881859 2.363753 6.184384 3.970815 red
lc 1.976550 1.046939 3.881859 1.874473 4.980332 4.090154 cyan
lc 1.874473 4.980332 4.090154 2.291713 5.724247 4.070610 blue
lc 1.874473 4.980332 4.090154 1.947569 1.692572 4.412154 blue
lc 1.947569 1.692572 4.412154 1.870121 6.151560 4.854879 blue
lc 1.947569 1.692572 4.412154 1.448432 2.634089 5.084566 red
lc 1.448432 2.634089 5.084566 1.938723 3.761819 5.242584 cyan
lc 1.448432 2.634089 5.084566 1.747108 2.221584 5.604252 cyan
lc 1.747108 2.221584 5.604252 1.988378 2.365573 5.650892 magenta
lc 1.747108 2.221584 5.604252 1.764753 3.931191 5.753127 cyan
lc 1.764753 3.931191 5.753127 1.819462 2.969572 5.710615 green
lc 1.764753 3.931191 5.753127 1.927412 1.553791 6.523452 red
lc 1.927412 1.553791 6.523452 2.323875 2.674750 6.595923 blue
lc 1.927412 1.553791 6.523452 1.638356 1.021274 6.602850 cyan
lc 1.927412 1.553791 6.523452 2.190152 6.886898 6.676649 cyan
lc 1.638356 1.021274 6.602850 2.190152 6.886898 6.676649 yellow
lc 1.638356 1.021274 6.602850 1.846882 2.571732 7.240163 cyan
lc 1.846882 2.571732 7.240163 2.126993 1.692051 7.421437 green
lc 1.846882 2.571732 7.240163 1.828949 3.566122 7.609956 green
lc 1.846882 2.571732 7.240163 2.387504 6.775206 7.386088 yellow
lc 1.828949 3.566122 7.609956 2.387504 6.775206 7.386088 red
lc 1.828949 3.566122 7.609956 1.390012 6.298638 7.745146 blue
lc 1.828949 3.566122 7.609956 1.964543 3.607383 7.765042 green
lc 1.390012 6.298638 7.745146 1.964543 3.607383 7.765042 red
lc 2.347620 6.007570 0.027354 2.663443 4.637253 -0.111794 blue
lc 2.347620 6.007570 0.027354 2.154769 1.764673 0.209909 magenta
lc 2.154769 1.764673 0.209909 2.533170 4.459528 0.352170 magenta
lc 2.154769 1.764673 0.209909 1.990218 5.776734 1.081494 yellow
lc 2.154769 1.764673 0.209909 2.379149 1.010148 0.967376 cyan
lc 1.990218 5.776734 1.081494 2.379149 1.010148 0.967376 green
lc 1.990218 5.776734 1.081494 2.321685 2.260459 1.502513 blue
lc 2.321685 2.260459 1.502513 2.781661 5.316580 1.286229 red
lc 2.321685 2.260459 1.502513 1.954981 5.680697 1.445887 cyan
lc 1.954981 5.680697 1.445887 2.671486 3.185329 1.786588 red
lc 1.954981 5.680697 1.445887 2.335744 4.723969 2.049090 blue
lc 2.335744 4.723969 2.049090 2.268300 2.981200 2.203806 yellow
lc 2.335744 4.723969 2.049090 1.897995 6.187634 2.784244 cyan
lc 1.897995 6.187634 2.784244 2.414665 5.318526 2.735125 yellow
lc 1.897995 6.187634 2.784244 2.390987 6.288497 3.133831 blue
lc 2.390987 6.288497 3.133831 2.406509 3.450357 2.832939 yellow
lc 2.390987 6.288497 3.133831 1.820135 2.993113 3.510360 cyan
lc 1.820135 2.993113 3.510360 2.467756 1.763727 3.245814 magenta
lc 1.820135 2.993113 3.510360 2.363753 6.184384 3.970815 blue
lc 2.363753 6.184384 3.970815 2.478584 5.063908 4.053692 cyan
lc 2.363753 6.184384 3.970815 2.291713 5.724247 4.070610 yellow
lc 2.363753 6.184384 3.970815 2.767999 2.805699 4.279835 magenta
lc 2.291713 5.724247 4.070610 2.767999 2.805699 4.279835 green
lc 2.291713 5.724247 4.070610 1.870121 6.151560 4.854879 magenta
lc 2.291713 5.724247 4.070610 2.555078 2.721482 4.331823 red
lc 1.870121 6.151560 4.854879 2.555078 2.721482 4.331823 red
lc 1.870121 6.151560 4.854879 1.938723 3.761819 5.242584 blue
lc 1.938723 3.761819 5.242584 2.484249 4.928234 5.100622 blue
lc 1.938723 3.761819 5.242584 1.988378 2.365573 5.650892 yellow
lc 1.988378 2.365573 5.650892 2.505309 2.282208 5.438980 yellow
lc 1.988378 2.365573 5.650892 1.819462 2.969572 5.710615 green
lc 1.819462 2.969572 5.710615 2.510228 5.776149 6.135445 blue
lc 1.819462 2.969572 5.710615 2.323875 2.674750 6.595923 yellow
lc 1.819462 2.969572 5.710615 2.328131 4.092712 6.066667 blue
lc 2.323875 2.674750 6.595923 2.328131 4.092712 6.066667 magenta
lc 2.323875 2.674750 6.595923 2.190152 6.886898 6.676649 yellow
lc 2.323875 2.674750 6.595923 2.606080 5.910541 6.637955 red
lc 2.190152 6.886898 6.676649 2.606080 5.910541 6.637955 red
lc 2.190152 6.886898 6.676649 2.126993 1.692051 7.421437 cyan
lc 2.126993 1.692051 7.421437 2.676999 2.347844 7.261572 blue
lc 2.126993 1.692051 7.421437 2.387504 6.775206 7.386088 magenta
lc 2.387504 6.775206 7.386088 2.345794 2.469055 7.293603 cyan
lc 2.387504 6.775206 7.386088 1.964543 3.607383 7.765042 green
lc 1.964543 3.607383 7.765042 2.511398 1.436969 8.209843 green
lc 2.663443 4.637253 -0.111794 2.896033 2.166611 0.077859 cyan
lc 2.663443 4.637253 -0.111794 2.533170 4.459528 0.352170 yellow
lc 2.663443 4.637253 -0.111794 3.065181 2.463907 0.417679 red
lc 2.533170 4.459528 0.352170 3.065181 2.463907 0.417679 green
lc 2.533170 4.459528 0.352170 2.379149 1.010148 0.967376 cyan
lc 2.379149 1.010148 0.967376 3.041003 5.505787 0.545432 yellow
lc 2.379149 1.010148 0.967376 2.781661 5.316580 1.286229 magenta
lc 2.379149 1.010148 0.967376 3.109396 3.550877 1.027110 green
lc 2.781661 5.316580 1.286229 3.109396 3.550877 1.027110 cyan
lc 2.781661 5.316580 1.286229 2.671486 3.185329 1.786588 yellow
lc 2.671486 3.185329 1.786588 2.752900 4.107747 1.958990 blue
lc 2.671486 3.185329 1.786588 2.268300 2.981200 2.203806 yellow
lc 2.268300 2.981200 2.203806 2.677499 6.090018 1.954782 magenta
lc 2.268300 2.981200 2.203806 2.414665 5.318526 2.735125 green
lc 2.414665 5.318526 2.735125 2.921246 5.005466 2.707166 yellow
lc 2.414665 5.318526 2.735125 2.406509 3.450357 2.832939 blue
lc 2.406509 3.450357 2.832939 3.240104 6.700238 3.004640 green
lc 2.406509 3.450357 2.832939 2.467756 1.763727 3.245814 red
lc 2.406509 3.450357 2.832939 3.182224 5.315644 3.436012 green
lc 2.467756 1.763727 3.245814 3.182224 5.315644 3.436012 yellow
lc 2.467756 1.763727 3.245814 2.478584 5.063908 4.053692 magenta
lc 2.478584 5.063908 4.053692 2.950235 4.287232 3.987815 magenta
lc 2.478584 5.063908 4.053692 2.767999 2.805699 4.279835 red
lc 2.478584 5.063908 4.053692 3.185693 3.848047 4.356720 blue
lc 2.767999 2.805699 4.279835 3.185693 3.848047 4.356720 cyan
lc 2.767999 2.805699 4.279835 2.555078 2.721482 4.331823 yellow
lc 2.767999 2.805699 4.279835 2.802883 4.825969 4.479923 magenta
lc 2.555078 2.721482 4.331823 2.802883 4.825969 4.479923 blue
lc 2.555078 2.721482 4.331823 2.484249 4.928234 5.100622 cyan
lc 2.484249 4.928234 5.100622 3.106857 4.760491 5.065411 yellow
lc 2.484249 4.928234 5.100622 2.505309 2.282208 5.438980 green
lc 2.484249 4.928234 5.100622 2.812127 2.714369 5.220174 red
lc 2.505309 2.282208 5.438980 2.812127 2.714369 5.220174 yellow
lc 2.505309 2.282208 5.438980 2.510228 5.776149 6.135445 green
lc 2.510228 5.776149 6.135445 2.810397 4.240913 5.786563 yellow
lc 2.510228 5.776149 6.135445 2.328131 4.092712 6.066667 red
lc 2.328131 4.092712 6.066667 2.730393 5.163699 6.154546 blue
lc 2.328131 4.092712 6.066667 2.606080 5.910541 6.637955 cyan
lc 2.606080 5.910541 6.637955 3.071220 3.445596 6.475379 red
lc 2.606080 5.910541 6.637955 2.676999 2.347844 7.261572 magenta
lc 2.676999 2.347844 7.261572 2.972935 2.241006 7.107359 blue
lc 2.676999 2.347844 7.261572 2.345794 2.469055 7.293603 green
lc 2.345794 2.469055 7.293603 2.899455 4.504476 7.821850 cyan
lc 2.345794 2.469055 7.293603 2.511398 1.436969 8.209843 cyan
lc 2.345794 2.469055 7.293603 3.064682 5.593567 8.214039 blue
lc 2.511398 1.436969 8.209843 3.064682 5.593567 8.214039 magenta
lc 2.896033 2.166611 0.077859 3.296650 3.110553 -0.296462 green
lc 2.896033 2.166611 0.077859 3.065181 2.463907 0.417679 green
lc 2.896033 2.166611 0.077859 3.520506 6.720582 0.633121 yellow
lc 3.065181 2.463907 0.417679 3.520506 6.720582 0.633121 red
lc 3.065181 2.463907 0.417679 3.041003 5.505787 0.545432 blue
lc 3.041003 5.505787 0.545432 3.319834 4.276794 0.990615 blue
lc 3.041003 5.505787 0.545432 3.109396 3.550877 1.027110 yellow
lc 3.109396 3.550877 1.027110 3.430373 2.316530 1.095481 magenta
lc 3.109396 3.550877 1.027110 2.752900 4.107747 1.958990 green
lc 2.752900 4.107747 1.958990 3.329923 3.016777 1.401625 red
lc 2.752900 4.107747 1.958990 2.677499 6.090018 1.954782 red
lc 2.677499 6.090018 1.954782 3.475906 1.990268 2.047853 cyan
lc 2.677499 6.090018 1.954782 2.921246 5.005466 2.707166 cyan
lc 2.921246 5.005466 2.707166 3.348855 4.733542 2.302892 yellow
lc 2.921246 5.005466 2.707166 3.240104 6.700238 3.004640 yellow
lc 3.240104 6.700238 3.004640 3.084601 4.386352 2.883781 red
lc 3.240104 6.700238 3.004640 3.182224 5.315644 3.436012 green
lc 3.182224 5.315644 3.436012 3.084682 1.814197 3.454071 cyan
lc 3.182224 5.315644 3.436012 2.950235 4.287232 3.987815 red
lc 2.950235 4.287232 3.987815 3.345440 3.274623 3.519644 cyan
lc 2.950235 4.287232 3.987815 3.185693 3.848047 4.356720 magenta
lc 3.185693 3.848047 4.356720 3.195417 5.567378 4.106634 magenta
lc 3.185693 3.848047 4.356720 2.802883 4.825969 4.479923 cyan
lc 2.802883 4.825969 4.479923 3.295897 5.991546 4.782785 green
lc 2.802883 4.825969 4.479923 3.106857 4.760491 5.065411 yellow
lc 3.106857 4.760491 5.065411 3.219784 1.116300 4.801775 red
lc 3.106857 4.760491 5.065411 2.812127 2.714369 5.220174 red
lc 2.812127 2.714369 5.220174 3.392072 3.099762 5.773629 blue
lc 2.812127 2.714369 5.220174 2.810397 4.240913 5.786563 green
lc 2.812127 2.714369 5.220174 3.458508 4.910528 6.063477 cyan
lc 2.810397 4.240913 5.786563 3.458508 4.910528 6.063477 green
lc 2.810397 4.240913 5.786563 2.730393 5.163699 6.154546 blue
lc 2.730393 5.163699 6.154546 3.520961 2.196164 6.585557 magenta
lc 2.730393 5.163699 6.154546 3.071220 3.445596 6.475379 blue
lc 3.071220 3.445596 6.475379 3.080649 1.757326 6.528272 blue
lc 3.071220 3.445596 6.475379 2.972935 2.241006 7.107359 green
lc 2.972935 2.241006 7.107359 3.470096 2.307787 7.196276 magenta
lc 2.972935 2.241006 7.107359 2.899455 4.504476 7.821850 blue
lc 2.972935 2.241006 7.107359 3.488100 2.006735 7.739086 blue
lc 2.899455 4.504476 7.821850 3.488100 2.006735 7.739086 magenta
lc 2.899455 4.504476 7.821850 3.064682 5.593567 8.214039 magenta
lc 2.899455 4.504476 7.821850 3.432770 1.687197 8.148755 cyan
lc 3.064682 5.593567 8.214039 3.432770 1.687197 8.148755 green
lc 3.296650 3.110553 -0.296462 3.981054 1.648592 0.278832 magenta
lc 3.296650 3.110553 -0.296462 3.520506 6.720582 0.633121 green
lc 3.296650 3.110553 -0.296462 3.504881 5.064084 0.308227 magenta
lc 3.520506 6.720582 0.633121 3.504881 5.064084 0.308227 cyan
lc 3.520506 6.720582 0.633121 3.319834 4.276794 0.990615 magenta
lc 3.319834 4.276794 0.990615 4.064377 5.290088 0.780098 magenta
lc 3.319834 4.276794 0.990615 3.430373 2.316530 1.095481 red
lc 3.430373 2.316530 1.095481 3.535072 4.763454 1.377527 red
lc 3.430373 2.316530 1.095481 3.329923 3.016777 1.401625 red
lc 3.430373 2.316530 1.095481 3.550614 6.101759 1.847699 cyan
lc 3.329923 3.016777 1.401625 3.550614 6.101759 1.847699 magenta
lc 3.329923 3.016777 1.401625 3.475906 1.990268 2.047853 blue
lc 3.475906 1.990268 2.047853 3.849721 6.903066 1.877896 magenta
lc 3.475906 1.990268 2.047853 3.348855 4.733542 2.302892 yellow
lc 3.348855 4.733542 2.302892 3.959055 3.570268 2.434638 red
lc 3.348855 4.733542 2.302892 3.084601 4.386352 2.883781 yellow
lc 3.084601 4.386352 2.883781 3.711816 3.047387 2.950945 magenta
lc 3.084601 4.386352 2.883781 3.084682 1.814197 3.454071 blue
lc 3.084682 1.814197 3.454071 3.999219 1.633233 3.561820 blue
lc 3.084682 1.814197 3.454071 3.345440 3.274623 3.519644 yellow
lc 3.084682 1.814197 3.454071 4.065946 5.972244 3.870825 cyan
lc 3.345440 3.274623 3.519644 4.065946 5.972244 3.870825 yellow
lc 3.345440 3.274623 3.519644 3.195417 5.567378 4.106634 blue
lc 3.195417 5.567378 4.106634 3.913859 5.402772 4.171819 cyan
lc 3.195417 5.567378 4.106634 3.295897 5.991546 4.782785 red
lc 3.195417 5.567378 4.106634 4.068758 5.849195 4.493628 yellow
lc 3.295897 5.991546 4.782785 4.068758 5.849195 4.493628 yellow
lc 3.295897 5.991546 4.782785 3.219784 1.116300 4.801775 yellow
lc 3.295897 5.991546 4.782785 3.812377 3.613447 5.042730 magenta
lc 3.219784 1.116300 4.801775 3.812377 3.613447 5.042730 green
lc 3.219784 1.116300 4.801775 3.392072 3.099762 5.773629 blue
lc 3.392072 3.099762 5.773629 3.928089 6.110279 5.334722 blue
lc 3.392072 3.099762 5.773629 3.458508 4.910528 6.063477 cyan
lc 3.458508 4.910528 6.063477 3.987912 6.289787 5.646735 blue
lc 3.458508 4.910528 6.063477 3.520961 2.196164 6.585557 yellow
lc 3.458508 4.910528 6.063477 3.635792 4.661990 6.294615 blue
lc 3.520961 2.196164 6.585557 3.635792 4.661990 6.294615 magenta
lc 3.520961 2.196164 6.585557 3.080649 1.757326 6.528272 magenta
lc 3.520961 2.196164 6.585557 3.716867 6.105717 6.454062 green
lc 3.080649 1.757326 6.528272 3.716867 6.105717 6.454062 yellow
lc 3.080649 1.757326 6.528272 3.470096 2.307787 7.196276 red
lc 3.080649 1.757326 6.528272 3.598578 5.786994 6.985167 green
lc 3.470096 2.307787 7.196276 3.598578 5.786994 6.985167 green
lc 3.470096 2.307787 7.196276 3.488100 2.006735 7.739086 red
lc 3.470096 2.307787 7.196276 3.693677 5.207103 7.807139 yellow
lc 3.488100 2.006735 7.739086 3.693677 5.207103 7.807139 magenta
lc 3.488100 2.006735 7.739086 3.432770 1.687197 8.148755 yellow
lc 3.488100 2.006735 7.739086 3.655235 6.688375 7.706091 green
lc 3.432770 1.687197 8.148755 3.655235 6.688375 7.706091 blue
lc 3.981054 1.648592 0.278832 3.961894 3.931467 0.132045 cyan
lc 3.981054 1.648592 0.278832 3.504881 5.064084 0.308227 blue
lc 3.981054 1.648592 0.278832 4.365425 4.875417 0.535418 green
lc 3.504881 5.064084 0.308227 4.365425 4.875417 0.535418 yellow
lc 3.504881 5.064084 0.308227 4.064377 5.290088 0.780098 magenta
lc 4.064377 5.290088 0.780098 4.205019 1.558320 1.017865 blue
lc 4.064377 5.290088 0.780098 3.535072 4.763454 1.377527 yellow
lc 4.064377 5.290088 0.780098 4.043484 2.837236 1.378230 yellow
lc 3.535072 4.763454 1.377527 4.043484 2.837236 1.378230 magenta
lc 3.535072 4.763454 1.377527 3.550614 6.101759 1.847699 yellow
lc 3.550614 6.101759 1.847699 4.259460 4.185532 1.668167 green
lc 3.550614 6.101759 1.847699 3.849721 6.903066 1.877896 magenta
lc 3.849721 6.903066 1.877896 4.165829 2.984748 2.252824 red
lc 3.849721 6.903066 1.877896 3.959055 3.570268 2.434638 blue
lc 3.959055 3.570268 2.434638 4.332239 2.508422 2.388866 cyan
lc 3.959055 3.570268 2.434638 3.711816 3.047387 2.950945 cyan
lc 3.711816 3.047387 2.950945 3.982920 1.717328 2.762919 magenta
lc 3.711816 3.047387 2.950945 3.999219 1.633233 3.561820 red
lc 3.999219 1.633233 3.561820 4.232045 2.110899 3.525735 yellow
lc 3.999219 1.633233 3.561820 4.065946 5.972244 3.870825 green
lc 4.065946 5.972244 3.870825 4.040357 5.347510 3.779993 cyan
lc 4.065946 5.972244 3.870825 3.913859 5.402772 4.171819 blue
lc 3.913859 5.402772 4.171819 4.496491 2.697992 4.225308 blue
lc 3.913859 5.402772 4.171819 4.068758 5.849195 4.493628 red
lc 4.068758 5.849195 4.493628 3.970842 2.364899 4.448049 magenta
lc 4.068758 5.849195 4.493628 3.812377 3.613447 5.042730 magenta
lc 4.068758 5.849195 4.493628 4.018191 4.204811 4.761121 magenta
lc 3.812377 3.613447 5.042730 4.018191 4.204811 4.761121 blue
lc 3.812377 3.613447 5.042730 3.928089 6.110279 5.334722 red
lc 3.928089 6.110279 5.334722 4.075113 4.320154 5.758261 yellow
lc 3.928089 6.110279 5.334722 3.987912 6.289787 5.646735 magenta
lc 3.928089 6.110279 5.334722 4.328977 6.210767 5.670505 magenta
lc 3.987912 6.289787 5.646735 4.328977 6.210767 5.670505 cyan
lc 3.987912 6.289787 5.646735 3.635792 4.661990 6.294615 magenta
lc 3.987912 6.289787 5.646735 4.205054 4.444385 6.539421 red
lc 3.635792 4.661990 6.294615 4.205054 4.444385 6.539421 yellow
lc 3.635792 4.661990 6.294615 3.716867 6.105717 6.454062 blue
lc 3.716867 6.105717 6.454062 4.192164 2.106182 6.701123 blue
lc 3.716867 6.105717 6.454062 3.598578 5.786994 6.985167 magenta
lc 3.598578 5.786994 6.985167 3.941352 3.866375 7.422533 green
lc 3.598578 5.786994 6.985167 3.693677 5.207103 7.807139 green
lc 3.693677 5.207103 7.807139 4.403796 1.444493 7.519372 yellow
lc 3.693677 5.207103 7.807139 3.655235 6.688375 7.706091 magenta
lc 3.693677 5.207103 7.807139 4.288194 1.895186 7.732165 red
lc 3.655235 6.688375 7.706091 4.288194 1.895186 7.732165 green
lc 3.961894 3.931467 0.132045 4.669283 6.963509 -0.117699 yellow
lc 3.961894 3.931467 0.132045 4.365425 4.875417 0.535418 magenta
lc 4.365425 4.875417 0.535418 4.402650 4.637906 0.579719 magenta
lc 4.365425 4.875417 0.535418 4.205019 1.558320 1.017865 magenta
lc 4.365425 4.875417 0.535418 4.806023 4.135435 0.677518 magenta
lc 4.205019 1.558320 1.017865 4.806023 4.135435 0.677518 blue
lc 4.205019 1.558320 1.017865 4.043484 2.837236 1.378230 green
lc 4.043484 2.837236 1.378230 4.601888 6.161000 1.228790 magenta
lc 4.043484 2.837236 1.378230 4.259460 4.185532 1.668167 cyan
lc 4.259460 4.185532 1.668167 4.925598 4.726164 1.567439 magenta
lc 4.259460 4.185532 1.668167 4.165829 2.984748 2.252824 blue
lc 4.165829 2.984748 2.252824 4.697357 6.685541 2.249317 magenta
lc 4.165829 2.984748 2.252824 4.332239 2.508422 2.388866 magenta
lc 4.332239 2.508422 2.388866 4.456252 4.962569 2.352931 magenta
lc 4.332239 2.508422 2.388866 3.982920 1.717328 2.762919 blue
lc 3.982920 1.717328 2.762919 4.425813 1.450389 2.751657 red
lc 3.982920 1.717328 2.762919 4.232045 2.110899 3.525735 blue
lc 4.232045 2.110899 3.525735 4.333184 4.562867 3.338723 red
lc 4.232045 2.110899 3.525735 4.040357 5.347510 3.779993 yellow
lc 4.040357 5.347510 3.779993 4.506335 5.241735 3.628359 cyan
lc 4.040357 5.347510 3.779993 4.496491 2.697992 4.225308 cyan
lc 4.496491 2.697992 4.225308 4.753371 5.124310 4.182945 magenta
lc 4.496491 2.697992 4.225308 3.970842 2.364899 4.448049 yellow
lc 4.496491 2.697992 4.225308 4.885926 4.750348 4.804276 cyan
lc 3.970842 2.364899 4.448049 4.885926 4.750348 4.804276 magenta
lc 3.970842 2.364899 4.448049 4.018191 4.204811 4.761121 magenta
lc 3.970842 2.364899 4.448049 4.728289 3.550834 5.312833 red
lc 4.018191 4.204811 4.761121 4.728289 3.550834 5.312833 magenta
lc 4.018191 4.204811 4.761121 4.075113 4.320154 5.758261 yellow
lc 4.018191 4.204811 4.761121 4.658316 6.450469 5.562265 cyan
lc 4.075113 4.320154 5.758261 4.658316 6.450469 5.562265 cyan
lc 4.075113 4.320154 5.758261 4.328977 6.210767 5.670505 magenta
lc 4.328977 6.210767 5.670505 4.827558 1.995537 5.637583 yellow
lc 4.328977 6.210767 5.670505 4.205054 4.444385 6.539421 green
lc 4.205054 4.444385 6.539421 4.516146 4.415242 6.465164 green
lc 4.205054 4.444385 6.539421 4.192164 2.106182 6.701123 red
lc 4.192164 2.106182 6.701123 4.504745 5.132068 6.511454 cyan
lc 4.192164 2.106182 6.701123 3.941352 3.866375 7.422533 red
lc 4.192164 2.106182 6.701123 4.751419 4.002833 7.423500 yellow
lc 3.941352 3.866375 7.422533 4.751419 4.002833 7.423500 blue
lc 3.941352 3.866375 7.422533 4.403796 1.444493 7.519372 yellow
lc 3.941352 3.866375 7.422533 4.627856 1.239165 7.327212 cyan
lc 4.403796 1.444493 7.519372 4.627856 1.239165 7.327212 green
lc 4.403796 1.444493 7.519372 4.288194 1.895186 7.732165 yellow
lc 4.288194 1.895186 7.732165 4.590796 2.502207 7.893393 magenta
lc 4.669283 6.963509 -0.117699 4.807428 6.015752 0.277147 cyan
lc 4.669283 6.963509 -0.117699 4.402650 4.637906 0.579719 cyan
lc 4.669283 6.963509 -0.117699 5.097751 6.997435 0.691524 green
lc 4.402650 4.637906 0.579719 5.097751 6.997435 0.691524 magenta
lc 4.402650 4.637906 0.579719 4.806023 4.135435 0.677518 green
lc 4.806023 4.135435 0.677518 5.156001 1.241390 0.703812 cyan
lc 4.806023 4.135435 0.677518 4.601888 6.161000 1.228790 yellow
lc 4.601888 6.161000 1.228790 5.206393 4.909057 1.245458 blue
lc 4.601888 6.161000 1.228790 4.925598 4.726164 1.567439 green
lc 4.925598 4.726164 1.567439 5.302275 4.511978 1.493104 magenta
lc 4.925598 4.726164 1.567439 4.697357 6.685541 2.249317 blue
lc 4.697357 6.685541 2.249317 5.133502 1.547454 2.100299 cyan
lc 4.697357 6.685541 2.249317 4.456252 4.962569 2.352931 cyan
lc 4.456252 4.962569 2.352931 4.961408 5.020801 2.426301 cyan
lc 4.456252 4.962569 2.352931 4.425813 1.450389 2.751657 blue
lc 4.425813 1.450389 2.751657 5.267271 5.162042 2.845251 green
lc 4.425813 1.450389 2.751657 4.333184 4.562867 3.338723 green
lc 4.425813 1.450389 2.751657 4.925562 5.881396 3.635537 blue
lc 4.333184 4.562867 3.338723 4.925562 5.881396 3.635537 green
lc 4.333184 4.562867 3.338723 4.506335 5.241735 3.628359 blue
lc 4.506335 5.241735 3.628359 5.082690 2.887103 3.762369 cyan
lc 4.506335 5.241735 3.628359 4.753371 5.124310 4.182945 green
lc 4.753371 5.124310 4.182945 4.946596 3.425050 4.492637 yellow
lc 4.753371 5.124310 4.182945 4.885926 4.750348 4.804276 blue
lc 4.885926 4.750348 4.804276 5.061389 4.945962 4.924450 magenta
lc 4.885926 4.750348 4.804276 4.728289 3.550834 5.312833 cyan
lc 4.885926 4.750348 4.804276 5.078188 2.125495 5.000580 red
lc 4.728289 3.550834 5.312833 5.078188 2.125495 5.000580 magenta
lc 4.728289 3.550834 5.312833 4.658316 6.450469 5.562265 cyan
lc 4.658316 6.450469 5.562265 4.969699 4.752452 5.627550 yellow
lc 4.658316 6.450469 5.562265 4.827558 1.995537 5.637583 blue
lc 4.827558 1.995537 5.637583 5.208626 4.295318 5.716872 green
lc 4.827558 1.995537 5.637583 4.516146 4.415242 6.465164 blue
lc 4.827558 1.995537 5.637583 5.309235 5.189500 6.278659 cyan
lc 4.516146 4.415242 6.465164 5.309235 5.189500 6.278659 red
lc 4.516146 4.415242 6.465164 4.504745 5.132068 6.511454 blue
lc 4.504745 5.132068 6.511454 4.825487 4.653230 7.020730 cyan
lc 4.504745 5.132068 6.511454 4.751419 4.002833 7.423500 blue
lc 4.751419 4.002833 7.423500 4.896210 4.305034 6.952922 green
lc 4.751419 4.002833 7.423500 4.627856 1.239165 7.327212 green
lc 4.627856 1.239165 7.327212 5.083982 6.953543 7.334873 blue
lc 4.627856 1.239165 7.327212 4.590796 2.502207 7.893393 magenta
lc 4.590796 2.502207 7.893393 5.300390 1.704797 7.976869 green
lc 4.807428 6.015752 0.277147 5.672970 5.299620 -0.000975 cyan
lc 4.807428 6.015752 0.277147 5.097751 6.997435 0.691524 magenta
lc 4.807428 6.015752 0.277147 5.479007 6.008344 0.285108 red
lc 5.097751 6.997435 0.691524 5.479007 6.008344 0.285108 cyan
lc 5.097751 6.997435 0.691524 5.156001 1.241390 0.703812 magenta
lc 5.097751 6.997435 0.691524 5.761831 4.307590 0.688344 green
lc 5.156001 1.241390 0.703812 5.761831 4.307590 0.688344 red
lc 5.156001 1.241390 0.703812 5.206393 4.909057 1.245458 red
lc 5.206393 4.909057 1.245458 5.403836 4.049445 1.516279 cyan
lc 5.206393 4.909057 1.245458 5.302275 4.511978 1.493104 yellow
lc 5.206393 4.909057 1.245458 5.701280 2.657484 1.902627 green
lc 5.302275 4.511978 1.493104 5.701280 2.657484 1.902627 red
lc 5.302275 4.511978 1.493104 5.133502 1.547454 2.100299 magenta
lc 5.133502 1.547454 2.100299 5.647688 6.605490 2.054229 green
lc 5.133502 1.547454 2.100299 4.961408 5.020801 2.426301 yellow
lc 4.961408 5.020801 2.426301 5.478327 2.697034 2.718645 yellow
lc 4.961408 5.020801 2.426301 5.267271 5.162042 2.845251 yellow
lc 5.267271 5.162042 2.845251 5.352818 6.993414 2.999531 blue
lc 5.267271 5.162042 2.845251 4.925562 5.881396 3.635537 blue
lc 5.267271 5.162042 2.845251 5.467468 4.231483 3.157578 red
lc 4.925562 5.881396 3.635537 5.467468 4.231483 3.157578 red
lc 4.925562 5.881396 3.635537 5.082690 2.887103 3.762369 cyan
lc 5.082690 2.887103 3.762369 5.380759 4.260580 3.820624 magenta
lc 5.082690 2.887103 3.762369 4.946596 3.425050 4.492637 cyan
lc 4.946596 3.425050 4.492637 5.446891 2.131914 4.103593 red
lc 4.946596 3.425050 4.492637 5.061389 4.945962 4.924450 green
lc 5.061389 4.945962 4.924450 5.592183 2.401375 4.674658 green
lc 5.061389 4.945962 4.924450 5.078188 2.125495 5.000580 red
lc 5.078188 2.125495 5.000580 5.639011 5.468231 4.778820 yellow
lc 5.078188 2.125495 5.000580 4.969699 4.752452 5.627550 yellow
lc 5.078188 2.125495 5.000580 5.596821 3.316473 5.660530 cyan
lc 4.969699 4.752452 5.627550 5.596821 3.316473 5.660530 blue
lc 4.969699 4.752452 5.627550 5.208626 4.295318 5.716872 red
lc 4.969699 4.752452 5.627550 5.571898 6.884909 6.087185 magenta
lc 5.208626 4.295318 5.716872 5.571898 6.884909 6.087185 magenta
lc 5.208626 4.295318 5.716872 5.309235 5.189500 6.278659 red
lc 5.309235 5.189500 6.278659 5.470881 4.013747 6.038001 blue
lc 5.309235 5.189500 6.278659 4.825487 4.653230 7.020730 blue
lc 4.825487 4.653230 7.020730 5.527792 6.245142 6.958662 cyan
lc 4.825487 4.653230 7.020730 4.896210 4.305034 6.952922 magenta
lc 4.896210 4.305034 6.952922 5.437868 3.741568 7.173465 green
lc 4.896210 4.305034 6.952922 5.083982 6.953543 7.334873 magenta
lc 5.083982 6.953543 7.334873 5.607151 4.928688 7.524935 green
lc 5.083982 6.953543 7.334873 5.300390 1.704797 7.976869 red
lc 5.300390 1.704797 7.976869 5.266301 6.815222 7.981694 cyan
lc 5.672970 5.299620 -0.000975 5.797874 4.899020 0.115623 blue
lc 5.672970 5.299620 -0.000975 5.479007 6.008344 0.285108 cyan
lc 5.672970 5.299620 -0.000975 6.105796 6.156053 0.632457 cyan
lc 5.479007 6.008344 0.285108 6.105796 6.156053 0.632457 blue
lc 5.479007 6.008344 0.285108 5.761831 4.307590 0.688344 blue
lc 5.761831 4.307590 0.688344 5.822742 5.312305 0.732102 green
lc 5.761831 4.307590 0.688344 5.403836 4.049445 1.516279 green
lc 5.403836 4.049445 1.516279 6.050378 1.215395 1.486588 cyan
lc 5.403836 4.049445 1.516279 5.701280 2.657484 1.902627 yellow
lc 5.701280 2.657484 1.902627 5.635789 6.525575 1.762907 magenta
lc 5.701280 2.657484 1.902627 5.647688 6.605490 2.054229 blue
lc 5.701280 2.657484 1.902627 6.193192 3.603829 2.253323 cyan
lc 5.647688 6.605490 2.054229 6.193192 3.603829 2.253323 red
lc 5.647688 6.605490 2.054229 5.478327 2.697034 2.718645 green
lc 5.478327 2.697034 2.718645 5.653803 6.235475 2.606564 yellow
lc 5.478327 2.697034 2.718645 5.352818 6.993414 2.999531 blue
lc 5.352818 6.993414 2.999531 5.860944 6.420544 3.063769 red
lc 5.352818 6.993414 2.999531 5.467468 4.231483 3.157578 blue
lc 5.467468 4.231483 3.157578 5.622331 2.760207 3.546107 yellow
lc 5.467468 4.231483 3.157578 5.380759 4.260580 3.820624 blue
lc 5.380759 4.260580 3.820624 5.819641 4.186998 3.576816 blue
lc 5.380759 4.260580 3.820624 5.446891 2.131914 4.103593 magenta
lc 5.446891 2.131914 4.103593 5.934294 2.019902 4.386038 red
lc 5.446891 2.131914 4.103593 5.592183 2.401375 4.674658 blue
lc 5.592183 2.401375 4.674658 5.642118 4.718262 4.854083 cyan
lc 5.592183 2.401375 4.674658 5.639011 5.468231 4.778820 green
lc 5.592183 2.401375 4.674658 5.739235 1.858706 5.300329 red
lc 5.639011 5.468231 4.778820 5.739235 1.858706 5.300329 yellow
lc 5.639011 5.468231 4.778820 5.596821 3.316473 5.660530 blue
lc 5.639011 5.468231 4.778820 5.871427 2.531960 5.326071 cyan
lc 5.596821 3.316473 5.660530 5.871427 2.531960 5.326071 magenta
lc 5.596821 3.316473 5.660530 5.571898 6.884909 6.087185 cyan
lc 5.571898 6.884909 6.087185 5.600375 6.407257 6.077517 cyan
lc 5.571898 6.884909 6.087185 5.470881 4.013747 6.038001 red
lc 5.470881 4.013747 6.038001 6.001303 3.650379 6.110575 blue
lc 5.470881 4.013747 6.038001 5.527792 6.245142 6.958662 blue
lc 5.527792 6.245142 6.958662 5.802076 4.833632 6.789385 green
lc 5.527792 6.245142 6.958662 5.437868 3.741568 7.173465 green
lc 5.437868 3.741568 7.173465 5.849322 6.071824 7.007954 yellow
lc 5.437868 3.741568 7.173465 5.607151 4.928688 7.524935 cyan
lc 5.607151 4.928688 7.524935 5.714267 3.899248 7.509763 blue
lc 5.607151 4.928688 7.524935 5.266301 6.815222 7.981694 yellow
lc 5.266301 6.815222 7.981694 5.737060 4.448872 8.043154 yellow
lc 5.797874 4.899020 0.115623 6.611405 6.867667 -0.122862 cyan
lc 5.797874 4.899020 0.115623 6.105796 6.156053 0.632457 green
lc 6.105796 6.156053 0.632457 6.410727 4.395574 0.285741 cyan
lc 6.105796 6.156053 0.632457 5.822742 5.312305 0.732102 magenta
lc 5.822742 5.312305 0.732102 6.427269 1.294266 0.988907 red
lc 5.822742 5.312305 0.732102 6.050378 1.215395 1.486588 magenta
lc 6.050378 1.215395 1.486588 6.379633 6.424932 1.261194 cyan
lc 6.050378 1.215395 1.486588 5.635789 6.525575 1.762907 blue
lc 6.050378 1.215395 1.486588 6.187506 4.642390 1.863527 magenta
lc 5.635789 6.525575 1.762907 6.187506 4.642390 1.863527 red
lc 5.635789 6.525575 1.762907 6.193192 3.603829 2.253323 red
lc 6.193192 3.603829 2.253323 6.227182 4.725347 2.187234 magenta
lc 6.193192 3.603829 2.253323 5.653803 6.235475 2.606564 green
lc 5.653803 6.235475 2.606564 6.422448 4.955089 2.658873 green
lc 5.653803 6.235475 2.606564 5.860944 6.420544 3.063769 green
lc 5.860944 6.420544 3.063769 6.518792 6.420422 3.024317 magenta
lc 5.860944 6.420544 3.063769 5.622331 2.760207 3.546107 yellow
lc 5.860944 6.420544 3.063769 6.403594 3.644939 3.253781 green
lc 5.622331 2.760207 3.546107 6.403594 3.644939 3.253781 cyan
lc 5.622331 2.760207 3.546107 5.819641 4.186998 3.576816 magenta
lc 5.819641 4.186998 3.576816 6.363534 1.540800 3.928890 magenta
lc 5.819641 4.186998 3.576816 5.934294 2.019902 4.386038 yellow
lc 5.934294 2.019902 4.386038 6.192856 2.053840 4.359015 yellow
lc 5.934294 2.019902 4.386038 5.642118 4.718262 4.854083 green
lc 5.642118 4.718262 4.854083 6.095085 6.828937 4.655224 yellow
lc 5.642118 4.718262 4.854083 5.739235 1.858706 5.300329 magenta
lc 5.642118 4.718262 4.854083 6.334301 5.982836 5.300724 yellow
lc 5.739235 1.858706 5.300329 6.334301 5.982836 5.300724 cyan
lc 5.739235 1.858706 5.300329 5.871427 2.531960 5.326071 blue
lc 5.871427 2.531960 5.326071 6.169972 3.891087 5.668498 yellow
lc 5.871427 2.531960 5.326071 5.600375 6.407257 6.077517 blue
lc 5.600375 6.407257 6.077517 6.499683 3.032292 6.042672 cyan
lc 5.600375 6.407257 6.077517 6.001303 3.650379 6.110575 green
lc 6.001303 3.650379 6.110575 6.084891 1.844542 6.593525 red
lc 6.001303 3.650379 6.110575 5.802076 4.833632 6.789385 yellow
lc 5.802076 4.833632 6.789385 6.595690 5.345300 6.952926 red
lc 5.802076 4.833632 6.789385 5.849322 6.071824 7.007954 magenta
lc 5.849322 6.071824 7.007954 6.603755 5.827526 7.438257 red
lc 5.849322 6.071824 7.007954 5.714267 3.899248 7.509763 yellow
lc 5.849322 6.071824 7.007954 6.235255 1.083512 7.753357 yellow
lc 5.714267 3.899248 7.509763 6.235255 1.083512 7.753357 green
lc 5.714267 3.899248 7.509763 5.737060 4.448872 8.043154 green
lc 5.737060 4.448872 8.043154 6.337733 5.036970 7.972872 cyan
lc 6.611405 6.867667 -0.122862 6.840247 5.934504 0.050736 yellow
lc 6.611405 6.867667 -0.122862 6.410727 4.395574 0.285741 blue
lc 6.410727 4.395574 0.285741 7.001017 2.402931 0.186060 yellow
lc 6.410727 4.395574 0.285741 6.427269 1.294266 0.988907 yellow
lc 6.427269 1.294266 0.988907 6.451857 4.368444 1.072646 yellow
lc 6.427269 1.294266 0.988907 6.379633 6.424932 1.261194 yellow
lc 6.427269 1.294266 0.988907 6.985996 1.379302 1.095978 cyan
lc 6.379633 6.424932 1.261194 6.985996 1.379302 1.095978 magenta
lc 6.379633 6.424932 1.261194 6.187506 4.642390 1.863527 green
lc 6.187506 4.642390 1.863527 6.931155 2.813141 1.929843 blue
lc 6.187506 4.642390 1.863527 6.227182 4.725347 2.187234 red
lc 6.187506 4.642390 1.863527 6.681820 6.677569 1.889129 magenta
lc 6.227182 4.725347 2.187234 6.681820 6.677569 1.889129 yellow
lc 6.227182 4.725347 2.187234 6.422448 4.955089 2.658873 magenta
lc 6.227182 4.725347 2.187234 6.619461 1.583152 2.521891 green
lc 6.422448 4.955089 2.658873 6.619461 1.583152 2.521891 red
lc 6.422448 4.955089 2.658873 6.518792 6.420422 3.024317 red
lc 6.518792 6.420422 3.024317 6.969198 3.721863 2.728767 yellow
lc 6.518792 6.420422 3.024317 6.403594 3.644939 3.253781 cyan
lc 6.403594 3.644939 3.253781 6.839134 6.675845 3.514305 yellow
lc 6.403594 3.644939 3.253781 6.363534 1.540800 3.928890 magenta
lc 6.363534 1.540800 3.928890 6.688318 1.927137 3.934835 green
lc 6.363534 1.540800 3.928890 6.192856 2.053840 4.359015 green
lc 6.192856 2.053840 4.359015 6.685773 3.936082 3.969939 green
lc 6.192856 2.053840 4.359015 6.095085 6.828937 4.655224 blue
lc 6.192856 2.053840 4.359015 6.681712 1.196298 4.902492 cyan
lc 6.095085 6.828937 4.655224 6.681712 1.196298 4.902492 red
lc 6.095085 6.828937 4.655224 6.334301 5.982836 5.300724 red
lc 6.334301 5.982836 5.300724 6.659160 6.703331 5.018661 yellow
lc 6.334301 5.982836 5.300724 6.169972 3.891087 5.668498 magenta
lc 6.169972 3.891087 5.668498 6.950112 5.114082 5.233297 red
lc 6.169972 3.891087 5.668498 6.499683 3.032292 6.042672 green
lc 6.169972 3.891087 5.668498 6.763522 3.152043 6.181442 red
lc 6.499683 3.032292 6.042672 6.763522 3.152043 6.181442 magenta
lc 6.499683 3.032292 6.042672 6.084891 1.844542 6.593525 red
lc 6.084891 1.844542 6.593525 6.675726 1.732958 6.129675 cyan
lc 6.084891 1.844542 6.593525 6.595690 5.345300 6.952926 cyan
lc 6.595690 5.345300 6.952926 6.945662 4.976612 6.709673 green
lc 6.595690 5.345300 6.952926 6.603755 5.827526 7.438257 cyan
lc 6.595690 5.345300 6.952926 6.821865 1.128145 7.216182 yellow
lc 6.603755 5.827526 7.438257 6.821865 1.128145 7.216182 green
lc 6.603755 5.827526 7.438257 6.235255 1.083512 7.753357 magenta
lc 6.603755 5.827526 7.438257 6.908919 1.755543 7.425089 red
lc 6.235255 1.083512 7.753357 6.908919 1.755543 7.425089 green
lc 6.235255 1.083512 7.753357 6.337733 5.036970 7.972872 magenta
lc 6.337733 5.036970 7.972872 6.775589 5.590944 7.741166 green
lc 6.840247 5.934504 0.050736 6.982189 6.218173 -0.170429 cyan
lc 6.840247 5.934504 0.050736 7.001017 2.402931 0.186060 magenta
lc 7.001017 2.402931 0.186060 7.055030 6.403186 0.209585 magenta
lc 7.001017 2.402931 0.186060 6.451857 4.368444 1.072646 cyan
lc 6.451857 4.368444 1.072646 6.859596 1.868128 1.057149 green
lc 6.451857 4.368444 1.072646 6.985996 1.379302 1.095978 blue
lc 6.985996 1.379302 1.095978 6.935890 2.046983 1.113550 cyan
lc 6.985996 1.379302 1.095978 6.931155 2.813141 1.929843 magenta
lc 6.985996 1.379302 1.095978 7.254529 1.089162 1.399679 blue
lc 6.931155 2.813141 1.929843 7.254529 1.089162 1.399679 blue
lc 6.931155 2.813141 1.929843 6.681820 6.677569 1.889129 red
lc 6.681820 6.677569 1.889129 7.331886 2.942629 1.948022 magenta
lc 6.681820 6.677569 1.889129 6.619461 1.583152 2.521891 cyan
lc 6.619461 1.583152 2.521891 6.962442 5.450308 2.257755 cyan
lc 6.619461 1.583152 2.521891 6.969198 3.721863 2.728767 cyan
lc 6.969198 3.721863 2.728767 7.173546 3.857476 3.094768 yellow
lc 6.969198 3.721863 2.728767 6.839134 6.675845 3.514305 red
lc 6.839134 6.675845 3.514305 7.324705 1.654324 3.376364 cyan
lc 6.839134 6.675845 3.514305 6.688318 1.927137 3.934835 cyan
lc 6.688318 1.927137 3.934835 7.160198 1.260190 4.056723 magenta
lc 6.688318 1.927137 3.934835 6.685773 3.936082 3.969939 blue
lc 6.685773 3.936082 3.969939 7.327831 4.128707 4.430715 yellow
lc 6.685773 3.936082 3.969939 6.681712 1.196298 4.902492 green
lc 6.685773 3.936082 3.969939 7.132720 1.364952 4.909995 green
lc 6.681712 1.196298 4.902492 7.132720 1.364952 4.909995 magenta
lc 6.681712 1.196298 4.902492 6.659160 6.703331 5.018661 yellow
lc 6.681712 1.196298 4.902492 7.145284 5.116585 4.993602 green
lc 6.659160 6.703331 5.018661 7.145284 5.116585 4.993602 blue
lc 6.659160 6.703331 5.018661 6.950112 5.114082 5.233297 cyan
lc 6.659160 6.703331 5.018661 7.152056 1.440944 5.719505 yellow
lc 6.950112 5.114082 5.233297 7.152056 1.440944 5.719505 red
lc 6.950112 5.114082 5.233297 6.763522 3.152043 6.181442 magenta
lc 6.763522 3.152043 6.181442 6.906369 1.394093 5.959715 yellow
lc 6.763522 3.152043 6.181442 6.675726 1.732958 6.129675 magenta
lc 6.675726 1.732958 6.129675 7.022904 4.290139 6.395636 yellow
lc 6.675726 1.732958 6.129675 6.945662 4.976612 6.709673 green
lc 6.675726 1.732958 6.129675 7.053006 4.183341 7.033619 blue
lc 6.945662 4.976612 6.709673 7.053006 4.183341 7.033619 cyan
lc 6.945662 4.976612 6.709673 6.821865 1.128145 7.216182 red
lc 6.821865 1.128145 7.216182 7.130124 1.595071 7.221151 blue
lc 6.821865 1.128145 7.216182 6.908919 1.755543 7.425089 red
lc 6.908919 1.755543 7.425089 7.278962 4.905500 7.790623 green
lc 6.908919 1.755543 7.425089 6.775589 5.590944 7.741166 red
lc 6.908919 1.755543 7.425089 7.319272 2.290138 8.132504 cyan
lc 6.775589 5.590944 7.741166 7.319272 2.290138 8.132504 magenta
lc 6.982189 6.218173 -0.170429 7.549880 3.033590 -0.162904 red
lc 6.982189 6.218173 -0.170429 7.055030 6.403186 0.209585 green
lc 7.055030 6.403186 0.209585 7.551047 1.570515 0.370646 magenta
lc 7.055030 6.403186 0.209585 6.859596 1.868128 1.057149 cyan
lc 6.859596 1.868128 1.057149 7.535006 3.245806 0.941170 green
lc 6.859596 1.868128 1.057149 6.935890 2.046983 1.113550 yellow
lc 6.859596 1.868128 1.057149 7.370531 1.402800 1.516949 blue
lc 6.935890 2.046983 1.113550 7.370531 1.402800 1.516949 blue
lc 6.935890 2.046983 1.113550 7.254529 1.089162 1.399679 red
lc 6.935890 2.046983 1.113550 7.778011 1.579387 1.440149 green
lc 7.254529 1.089162 1.399679 7.778011 1.579387 1.440149 cyan
lc 7.254529 1.089162 1.399679 7.331886 2.942629 1.948022 red
lc 7.331886 2.942629 1.948022 7.722225 4.338224 2.292325 yellow
lc 7.331886 2.942629 1.948022 6.962442 5.450308 2.257755 green
lc 6.962442 5.450308 2.257755 7.630826 2.977876 2.563268 cyan
lc 6.962442 5.450308 2.257755 7.173546 3.857476 3.094768 green
lc 7.173546 3.857476 3.094768 7.352286 4.992043 2.859527 green
lc 7.173546 3.857476 3.094768 7.324705 1.654324 3.376364 magenta
lc 7.324705 1.654324 3.376364 7.729118 5.326364 3.589276 blue
lc 7.324705 1.654324 3.376364 7.160198 1.260190 4.056723 yellow
lc 7.160198 1.260190 4.056723 7.859987 3.109877 3.849720 cyan
lc 7.160198 1.260190 4.056723 7.327831 4.128707 4.430715 blue
lc 7.327831 4.128707 4.430715 7.625698 4.940418 4.038170 blue
lc 7.327831 4.128707 4.430715 7.132720 1.364952 4.909995 magenta
lc 7.132720 1.364952 4.909995 7.413494 6.072241 4.396510 yellow
lc 7.132720 1.364952 4.909995 7.145284 5.116585 4.993602 red
lc 7.145284 5.116585 4.993602 7.499484 4.444600 5.210195 cyan
lc 7.145284 5.116585 4.993602 7.152056 1.440944 5.719505 yellow
lc 7.152056 1.440944 5.719505 7.763280 6.847280 5.680777 blue
lc 7.152056 1.440944 5.719505 6.906369 1.394093 5.959715 green
lc 6.906369 1.394093 5.959715 7.770003 4.856195 5.962881 yellow
lc 6.906369 1.394093 5.959715 7.022904 4.290139 6.395636 red
lc 7.022904 4.290139 6.395636 7.294700 5.976765 6.573240 green
lc 7.022904 4.290139 6.395636 7.053006 4.183341 7.033619 cyan
lc 7.022904 4.290139 6.395636 7.439416 5.216193 6.545092 blue
lc 7.053006 4.183341 7.033619 7.439416 5.216193 6.545092 magenta
lc 7.053006 4.183341 7.033619 7.130124 1.595071 7.221151 magenta
lc 7.130124 1.595071 7.221151 7.464338 1.036635 7.061790 yellow
lc 7.130124 1.595071 7.221151 7.278962 4.905500 7.790623 blue
lc 7.130124 1.595071 7.221151 7.800865 3.404706 7.618740 blue
lc 7.278962 4.905500 7.790623 7.800865 3.404706 7.618740 green
lc 7.278962 4.905500 7.790623 7.319272 2.290138 8.132504 yellow
lc 7.319272 2.290138 8.132504 7.364072 1.183943 8.079903 green
lc 7.549880 3.033590 -0.162904 8.147667 3.518995 -0.170920 cyan
lc 7.549880 3.033590 -0.162904 7.551047 1.570515 0.370646 cyan
lc 7.551047 1.570515 0.370646 7.904538 5.329576 0.343084 yellow
lc 7.551047 1.570515 0.370646 7.535006 3.245806 0.941170 cyan
lc 7.535006 3.245806 0.941170 8.166101 1.509742 0.882661 yellow
lc 7.535006 3.245806 0.941170 7.370531 1.402800 1.516949 yellow
lc 7.535006 3.245806 0.941170 7.731565 4.707029 1.057604 blue
lc 7.370531 1.402800 1.516949 7.731565 4.707029 1.057604 green
lc 7.370531 1.402800 1.516949 7.778011 1.579387 1.440149 green
lc 7.778011 1.579387 1.440149 8.104381 4.971632 1.547472 yellow
lc 7.778011 1.579387 1.440149 7.722225 4.338224 2.292325 green
lc 7.722225 4.338224 2.292325 7.991397 2.639001 2.070490 magenta
lc 7.722225 4.338224 2.292325 7.630826 2.977876 2.563268 cyan
lc 7.630826 2.977876 2.563268 8.152966 3.579482 2.294606 magenta
lc 7.630826 2.977876 2.563268 7.352286 4.992043 2.859527 red
lc 7.352286 4.992043 2.859527 7.869948 3.919797 3.054460 red
lc 7.352286 4.992043 2.859527 7.729118 5.326364 3.589276 cyan
lc 7.352286 4.992043 2.859527 8.100280 3.371580 3.095671 red
lc 7.729118 5.326364 3.589276 8.100280 3.371580 3.095671 yellow
lc 7.729118 5.326364 3.589276 7.859987 3.109877 3.849720 green
lc 7.859987 3.109877 3.849720 8.059595 2.808516 3.494086 green
lc 7.859987 3.109877 3.849720 7.625698 4.940418 4.038170 red
lc 7.625698 4.940418 4.038170 7.826740 2.533117 3.992867 red
lc 7.625698 4.940418 4.038170 7.413494 6.072241 4.396510 green
lc 7.413494 6.072241 4.396510 7.896873 5.482085 4.336217 blue
lc 7.413494 6.072241 4.396510 7.499484 4.444600 5.210195 red
lc 7.499484 4.444600 5.210195 7.805417 5.222028 4.980756 cyan
lc 7.499484 4.444600 5.210195 7.763280 6.847280 5.680777 magenta
lc 7.763280 6.847280 5.680777 8.000157 5.837201 5.673697 cyan
lc 7.763280 6.847280 5.680777 7.770003 4.856195 5.962881 yellow
lc 7.763280 6.847280 5.680777 7.743245 1.253814 6.111795 magenta
lc 7.770003 4.856195 5.962881 7.743245 1.253814 6.111795 magenta
lc 7.770003 4.856195 5.962881 7.294700 5.976765 6.573240 yellow
lc 7.770003 4.856195 5.962881 7.711245 6.172660 6.568487 magenta
lc 7.294700 5.976765 6.573240 7.711245 6.172660 6.568487 cyan
lc 7.294700 5.976765 6.573240 7.439416 5.216193 6.545092 blue
lc 7.439416 5.216193 6.545092 8.045455 5.256994 6.780882 blue
lc 7.439416 5.216193 6.545092 7.464338 1.036635 7.061790 red
lc 7.464338 1.036635 7.061790 7.950616 1.125139 6.926999 cyan
lc 7.464338 1.036635 7.061790 7.800865 3.404706 7.618740 cyan
lc 7.800865 3.404706 7.618740 7.894861 4.708752 7.759741 green
lc 7.800865 3.404706 7.618740 7.364072 1.183943 8.079903 red
lc 7.364072 1.183943 8.079903 8.199216 1.528779 8.251862 magenta
lc 8.147667 3.518995 -0.170920 7.904538 5.329576 0.343084 green
lc 7.904538 5.329576 0.343084 8.166101 1.509742 0.882661 blue
lc 8.166101 1.509742 0.882661 7.731565 4.707029 1.057604 blue
lc 7.731565 4.707029 1.057604 8.104381 4.971632 1.547472 red
lc 8.104381 4.971632 1.547472 7.991397 2.639001 2.070490 yellow
lc 7.991397 2.639001 2.070490 8.152966 3.579482 2.294606 green
lc 8.152966 3.579482 2.294606 7.869948 3.919797 3.054460 green
lc 7.869948 3.919797 3.054460 8.100280 3.371580 3.095671 red
lc 8.100280 3.371580 3.095671 8.059595 2.808516 3.494086 cyan
lc 8.059595 2.808516 3.494086 7.826740 2.533117 3.992867 red
lc 7.826740 2.533117 3.992867 7.896873 5.482085 4.336217 yellow
lc 7.896873 5.482085 4.336217 7.805417 5.222028 4.980756 red
lc 7.805417 5.222028 4.980756 8.000157 5.837201 5.673697 cyan
lc 8.000157 5.837201 5.673697 7.743245 1.253814 6.111795 yellow
lc 7.743245 1.253814 6.111795 7.711245 6.172660 6.568487 cyan
lc 7.711245 6.172660 6.568487 8.045455 5.256994 6.780882 magenta
lc 8.045455 5.256994 6.780882 7.950616 1.125139 6.926999 red
lc 7.950616 1.125139 6.926999 7.894861 4.708752 7.759741 red
lc 7.894861 4.708752 7.759741 8.199216 1.528779 8.251862 cyan
