# Growing spiral with 400 points, starts at x-y plane
# 500 points total
# Format: x y z

12.500000 12.000000 2.000000
12.511353 12.025725 2.060000
12.521354 12.052590 2.120000
12.529917 12.080521 2.180000
12.536961 12.109441 2.240000
12.542407 12.139266 2.300000
12.546183 12.169908 2.360000
12.548221 12.201271 2.420000
12.548458 12.233259 2.480000
12.546838 12.265766 2.540000
12.543310 12.298687 2.600000
12.537829 12.331910 2.660000
12.530355 12.365321 2.720000
12.520858 12.398802 2.780000
12.509312 12.432233 2.840000
12.495699 12.465492 2.900000
12.480008 12.498454 2.960000
12.462236 12.530993 3.020000
12.442387 12.562983 3.080000
12.420473 12.594295 3.140000
12.396512 12.624803 3.200000
12.370531 12.654378 3.260000
12.342565 12.682895 3.320000
12.312655 12.710227 3.380000
12.280853 12.736251 3.440000
12.247214 12.760845 3.500000
12.211803 12.783890 3.560000
12.174694 12.805269 3.620000
12.135965 12.824869 3.680000
12.095702 12.842582 3.740000
12.054000 12.858303 3.800000
12.010958 12.871931 3.860000
11.966682 12.883372 3.920000
11.921285 12.892536 3.980000
11.874886 12.899339 4.040000
11.827609 12.903704 4.100000
11.779583 12.905561 4.160000
11.730942 12.904845 4.220000
11.681825 12.901499 4.280000
11.632374 12.895475 4.340000
11.582736 12.886731 4.400000
11.533062 12.875233 4.460000
11.483503 12.860957 4.520000
11.434214 12.843885 4.580000
11.385354 12.824011 4.640000
11.337079 12.801334 4.700000
11.289550 12.775864 4.760000
11.242926 12.747620 4.820000
11.197367 12.716629 4.880000
11.153033 12.682928 4.940000
11.110081 12.646564 5.000000
11.068669 12.607591 5.060000
11.028950 12.566072 5.120000
10.991077 12.522083 5.180000
10.955198 12.475703 5.240000
10.921459 12.427024 5.300000
10.890001 12.376146 5.360000
10.860959 12.323175 5.420000
10.834466 12.268228 5.480000
10.810646 12.211428 5.540000
10.789620 12.152907 5.600000
10.771500 12.092803 5.660000
10.756393 12.031262 5.720000
10.744397 11.968437 5.780000
10.735603 11.904486 5.840000
10.730093 11.839573 5.900000
10.727943 11.773870 5.960000
10.729217 11.707551 6.020000
10.733972 11.640795 6.080000
10.742253 11.573787 6.140000
10.754100 11.506713 6.200000
10.769537 11.439764 6.260000
10.788582 11.373133 6.320000
10.811241 11.307014 6.380000
10.837511 11.241605 6.440000
10.867376 11.177101 6.500000
10.900811 11.113700 6.560000
10.937780 11.051599 6.620000
10.978235 10.990995 6.680000
11.022118 10.932081 6.740000
11.069361 10.875051 6.800000
11.119884 10.820093 6.860000
11.173597 10.767396 6.920000
11.230398 10.717140 6.980000
11.290178 10.669505 7.040000
11.352815 10.624663 7.100000
11.418178 10.582782 7.160000
11.486127 10.544023 7.220000
11.556510 10.508540 7.280000
11.629170 10.476481 7.340000
11.703938 10.447986 7.400000
11.780638 10.423185 7.460000
11.859087 10.402202 7.520000
11.939093 10.385148 7.580000
12.020458 10.372129 7.640000
12.102976 10.363236 7.700000
12.186439 10.358554 7.760000
12.270628 10.358155 7.820000
12.355324 10.362099 7.880000
12.440300 10.370436 7.940000
12.525329 10.383204 8.000000
12.610177 10.400429 8.060000
12.694611 10.422124 8.120000
12.778393 10.448291 8.180000
12.861287 10.478919 8.240000
12.943055 10.513983 8.300000
13.023459 10.553447 8.360000
13.102262 10.597261 8.420000
13.179228 10.645365 8.480000
13.254125 10.697681 8.540000
13.326723 10.754124 8.600000
13.396795 10.814593 8.660000
13.464118 10.878977 8.720000
13.528477 10.947149 8.780000
13.589658 11.018974 8.840000
13.647457 11.094303 8.900000
13.701675 11.172977 8.960000
13.752121 11.254825 9.020000
13.798614 11.339664 9.080000
13.840979 11.427304 9.140000
13.879051 11.517542 9.200000
13.912677 11.610166 9.260000
13.941712 11.704957 9.320000
13.966023 11.801685 9.380000
13.985489 11.900114 9.440000
14.000000 12.000000 9.500000
14.009459 12.101092 9.560000
14.013781 12.203132 9.620000
14.012895 12.305859 9.680000
14.006743 12.409006 9.740000
13.995281 12.512301 9.800000
13.978479 12.615470 9.860000
13.956321 12.718236 9.920000
13.928806 12.820319 9.980000
13.895946 12.921440 10.040000
13.857770 13.021318 10.100000
13.814320 13.119672 10.160000
13.765654 13.216225 10.220000
13.711843 13.310698 10.280000
13.652975 13.402817 10.340000
13.589152 13.492313 10.400000
13.520488 13.578917 10.460000
13.447115 13.662370 10.520000
13.369177 13.742415 10.580000
13.286832 13.818804 10.640000
13.200252 13.891295 10.700000
13.109622 13.959654 10.760000
13.015140 14.023657 10.820000
12.917015 14.083089 10.880000
12.815470 14.137745 10.940000
12.710739 14.187430 11.000000
12.603066 14.231962 11.060000
12.492705 14.271171 11.120000
12.379920 14.304898 11.180000
12.264987 14.332999 11.240000
12.148186 14.355343 11.300000
12.029807 14.371813 11.360000
11.910147 14.382306 11.420000
11.789509 14.386736 11.480000
11.668201 14.385031 11.540000
11.546537 14.377135 11.600000
11.424834 14.363008 11.660000
11.303413 14.342627 11.720000
11.182595 14.315985 11.780000
11.062705 14.283091 11.840000
10.944067 14.243971 11.900000
10.827006 14.198670 11.960000
10.711843 14.147247 12.020000
10.598901 14.089779 12.080000
10.488496 14.026361 12.140000
10.380943 13.957104 12.200000
10.276551 13.882133 12.260000
10.175623 13.801595 12.320000
10.078456 13.715647 12.380000
9.985340 13.624465 12.440000
9.896556 13.528242 12.500000
9.812377 13.427182 12.560000
9.733065 13.321507 12.620000
9.658872 13.211453 12.680000
9.590039 13.097267 12.740000
9.526795 12.979211 12.800000
9.469353 12.857561 12.860000
9.417918 12.732603 12.920000
9.372676 12.604634 12.980000
9.333800 12.473962 13.040000
9.301448 12.340906 13.100000
9.275762 12.205793 13.160000
9.256867 12.068957 13.220000
9.244870 11.930741 13.280000
9.239864 11.791495 13.340000
9.241921 11.651574 13.400000
9.251096 11.511336 13.460000
9.267427 11.371145 13.520000
9.290930 11.231367 13.580000
9.321606 11.092371 13.640000
9.359435 10.954526 13.700000
9.404378 10.818201 13.760000
9.456377 10.683763 13.820000
9.515356 10.551580 13.880000
9.581219 10.422013 13.940000
9.653851 10.295423 14.000000
9.733118 10.172163 14.060000
9.818868 10.052581 14.120000
9.910931 9.937020 14.180000
10.009119 9.825811 14.240000
10.113225 9.719281 14.300000
10.223026 9.617743 14.360000
10.338283 9.521502 14.420000
10.458739 9.430850 14.480000
10.584123 9.346068 14.540000
10.714147 9.267422 14.600000
10.848510 9.195166 14.660000
10.986897 9.129537 14.720000
11.128981 9.070757 14.780000
11.274421 9.019034 14.840000
11.422866 8.974555 14.900000
11.573952 8.937493 14.960000
11.727310 8.908001 15.020000
11.882557 8.886214 15.080000
12.039307 8.872247 15.140000
12.197162 8.866196 15.200000
12.355723 8.868137 15.260000
12.514584 8.878126 15.320000
12.673335 8.896196 15.380000
12.831563 8.922363 15.440000
12.988854 8.956619 15.500000
13.144795 8.998935 15.560000
13.298970 9.049262 15.620000
13.450968 9.107529 15.680000
13.600378 9.173643 15.740000
13.746795 9.247491 15.800000
13.889818 9.328938 15.860000
14.029051 9.417829 15.920000
14.164107 9.513987 15.980000
14.294605 9.617218 16.040000
14.420176 9.727304 16.100000
14.540458 9.844010 16.160000
14.655104 9.967081 16.220000
14.763775 10.096245 16.280000
14.866149 10.231212 16.340000
14.961917 10.371673 16.400000
15.050783 10.517303 16.460000
15.132469 10.667764 16.520000
15.206715 10.822700 16.580000
15.273276 10.981741 16.640000
15.331926 11.144507 16.700000
15.382460 11.310601 16.760000
15.424690 11.479619 16.820000
15.458450 11.651143 16.880000
15.483595 11.824748 16.940000
15.500000 12.000000 17.000000
15.507564 12.176458 17.060000
15.506207 12.353675 17.120000
15.495873 12.531198 17.180000
15.476526 12.708571 17.240000
15.448156 12.885336 17.300000
15.410776 13.061033 17.360000
15.364422 13.235200 17.420000
15.309154 13.407380 17.480000
15.245054 13.577114 17.540000
15.172230 13.743948 17.600000
15.090812 13.907434 17.660000
15.000953 14.067128 17.720000
14.902829 14.222593 17.780000
14.796639 14.373401 17.840000
14.682605 14.519133 17.900000
14.560968 14.659381 17.960000
14.431994 14.793747 18.020000
14.295966 14.921848 18.080000
14.153191 15.043313 18.140000
14.003992 15.157786 18.200000
13.848713 15.264929 18.260000
13.687714 15.364419 18.320000
13.521375 15.455951 18.380000
13.350088 15.539238 18.440000
13.174265 15.614015 18.500000
12.994328 15.680035 18.560000
12.810715 15.737073 18.620000
12.623876 15.784927 18.680000
12.434271 15.823416 18.740000
12.242371 15.852383 18.800000
12.048656 15.871694 18.860000
11.853611 15.881240 18.920000
11.657732 15.880937 18.980000
11.461516 15.870723 19.040000
11.265465 15.850566 19.100000
11.070086 15.820456 19.160000
10.875884 15.780410 19.220000
10.683366 15.730471 19.280000
10.493037 15.670706 19.340000
10.305398 15.601212 19.400000
10.120950 15.522107 19.460000
9.940184 15.433537 19.520000
9.763588 15.335673 19.580000
9.591639 15.228712 19.640000
9.424807 15.112874 19.700000
9.263551 14.988403 19.760000
9.108319 14.855569 19.820000
8.959544 14.714664 19.880000
8.817646 14.566002 19.940000
8.683030 14.409920 20.000000
8.556085 14.246774 20.060000
8.437180 14.076942 20.120000
8.326668 13.900822 20.180000
8.224880 13.718830 20.240000
8.132130 13.531398 20.300000
8.048706 13.338977 20.360000
7.974876 13.142031 20.420000
7.910885 12.941040 20.480000
7.856953 12.736497 20.540000
7.813276 12.528906 20.600000
7.780024 12.318783 20.660000
7.757340 12.106652 20.720000
7.745344 11.893046 20.780000
7.744126 11.678505 20.840000
7.753749 11.463574 20.900000
7.774250 11.248801 20.960000
7.805636 11.034739 21.020000
7.847889 10.821939 21.080000
7.900959 10.610956 21.140000
7.964770 10.402339 21.200000
8.039219 10.196637 21.260000
8.124173 9.994393 21.320000
8.219471 9.796145 21.380000
8.324927 9.602422 21.440000
8.440325 9.413745 21.500000
8.565424 9.230626 21.560000
8.699956 9.053563 21.620000
8.843628 8.883045 21.680000
8.996120 8.719542 21.740000
9.157089 8.563511 21.800000
9.326169 8.415392 21.860000
9.502970 8.275608 21.920000
9.687080 8.144560 21.980000
9.878067 8.022631 22.040000
10.075478 7.910182 22.100000
10.278841 7.807550 22.160000
10.487668 7.715051 22.220000
10.701452 7.632975 22.280000
10.919673 7.561586 22.340000
11.141794 7.501124 22.400000
11.367267 7.451801 22.460000
11.595533 7.413801 22.520000
11.826022 7.387280 22.580000
12.058156 7.372365 22.640000
12.291348 7.369156 22.700000
12.525008 7.377720 22.760000
12.758540 7.398097 22.820000
12.991345 7.430294 22.880000
13.222825 7.474291 22.940000
13.452380 7.530034 23.000000
13.679413 7.597442 23.060000
13.903330 7.676401 23.120000
14.123543 7.766767 23.180000
14.339469 7.868368 23.240000
14.550536 7.980999 23.300000
14.756177 8.104429 23.360000
14.955840 8.238396 23.420000
15.148985 8.382610 23.480000
15.335085 8.536754 23.540000
15.513629 8.700483 23.600000
15.684122 8.873426 23.660000
15.846089 9.055186 23.720000
15.999074 9.245342 23.780000
16.142641 9.443450 23.840000
16.276377 9.649042 23.900000
16.399890 9.861630 23.960000
16.512817 10.080704 24.020000
16.614816 10.305735 24.080000
16.705572 10.536179 24.140000
16.784801 10.771472 24.200000
16.852242 11.011036 24.260000
16.907667 11.254280 24.320000
16.950876 11.500600 24.380000
16.981700 11.749381 24.440000
17.000000 12.000000 24.500000
17.005670 12.251825 24.560000
16.998634 12.504217 24.620000
16.978850 12.756536 24.680000
16.946308 13.008136 24.740000
16.901031 13.258371 24.800000
16.843073 13.506595 24.860000
16.772523 13.752165 24.920000
16.689501 13.994440 24.980000
16.594162 14.232787 25.040000
16.486690 14.466579 25.100000
16.367304 14.695196 25.160000
16.236252 14.918031 25.220000
16.093814 15.134489 25.280000
15.940303 15.343985 25.340000
15.776057 15.545954 25.400000
15.601448 15.739844 25.460000
15.416872 15.925124 25.520000
15.222756 16.101280 25.580000
15.019550 16.267822 25.640000
14.807732 16.424278 25.700000
14.587804 16.570205 25.760000
14.360289 16.705181 25.820000
14.125734 16.828812 25.880000
13.884706 16.940731 25.940000
13.637790 17.040600 26.000000
13.385590 17.128107 26.060000
13.128726 17.202975 26.120000
12.867832 17.264956 26.180000
12.603556 17.313833 26.240000
12.336557 17.349423 26.300000
12.067505 17.371576 26.360000
11.797076 17.380175 26.420000
11.525955 17.375137 26.480000
11.254830 17.356415 26.540000
10.984393 17.323997 26.600000
10.715337 17.277904 26.660000
10.448355 17.218193 26.720000
10.184137 17.144956 26.780000
9.923368 17.058322 26.840000
9.666729 16.958452 26.900000
9.414894 16.845543 26.960000
9.168525 16.719827 27.020000
8.928274 16.581567 27.080000
8.694781 16.431062 27.140000
8.468671 16.268643 27.200000
8.250552 16.094673 27.260000
8.041015 15.909544 27.320000
7.840632 15.713682 27.380000
7.649953 15.507539 27.440000
7.469505 15.291597 27.500000
7.299793 15.066365 27.560000
7.141295 14.832377 27.620000
6.994463 14.590192 27.680000
6.859721 14.340393 27.740000
6.737465 14.083585 27.800000
6.628058 13.820392 27.860000
6.531835 13.551459 27.920000
6.449095 13.277446 27.980000
6.380107 12.999032 28.040000
6.325104 12.716906 28.100000
6.284285 12.431773 28.160000
6.257814 12.144347 28.220000
6.245818 11.855351 28.280000
6.248387 11.565515 28.340000
6.265577 11.275574 28.400000
6.297403 10.986266 28.460000
6.343846 10.698333 28.520000
6.404847 10.412512 28.580000
6.480311 10.129541 28.640000
6.570105 9.850153 28.700000
6.674060 9.575074 28.760000
6.791968 9.305024 28.820000
6.923586 9.040710 28.880000
7.068635 8.782830 28.940000
7.226800 8.532067 29.000000
7.397731 8.289089 29.060000
7.581045 8.054546 29.120000
7.776324 7.829070 29.180000
7.983120 7.613272 29.240000
8.200953 7.407741 29.300000
8.429311 7.213042 29.360000
8.667656 7.029714 29.420000
8.915421 6.858270 29.480000
9.172011 6.699194 29.540000
9.436809 6.552941 29.600000
9.709172 6.419934 29.660000
9.988439 6.300565 29.720000
10.273923 6.195192 29.780000
10.564924 6.104139 29.840000
10.860722 6.027694 29.900000
11.160582 5.966109 29.960000
11.463756 5.919600 30.020000
11.769487 5.888346 30.080000
12.077005 5.872484 30.140000
12.385534 5.872116 30.200000
12.694292 5.887303 30.260000
13.002495 5.918068 30.320000
13.309356 5.964392 30.380000
13.614087 6.026218 30.440000
13.915905 6.103450 30.500000
14.214031 6.195949 30.560000
14.507690 6.303539 30.620000
14.796118 6.426005 30.680000
15.078560 6.563092 30.740000
15.354276 6.714507 30.800000
15.622536 6.879920 30.860000
15.882630 7.058963 30.920000
16.133864 7.251233 30.980000
16.375565 7.456291 31.040000
16.607082 7.673662 31.100000
16.827786 7.902842 31.160000
17.037075 8.143290 31.220000
17.234373 8.394439 31.280000
17.419133 8.655688 31.340000
17.590837 8.926412 31.400000
17.748998 9.205956 31.460000
17.893165 9.493643 31.520000
18.022916 9.788771 31.580000
18.137869 10.090617 31.640000
18.237676 10.398437 31.700000
18.322025 10.711471 31.760000
18.390645 11.028942 31.820000
18.443303 11.350058 31.880000
18.479805 11.674015 31.940000
