# Stella Octangula - Compound of two interlocking tetrahedra
# Generated wireframe with line segments

l 9.000000 9.000000 9.000000 5.000000 5.000000 9.000000
l 9.000000 9.000000 9.000000 5.000000 9.000000 5.000000
l 9.000000 9.000000 9.000000 9.000000 5.000000 5.000000
l 5.000000 5.000000 9.000000 5.000000 9.000000 5.000000
l 5.000000 5.000000 9.000000 9.000000 5.000000 5.000000
l 5.000000 9.000000 5.000000 9.000000 5.000000 5.000000
l 5.000000 9.000000 9.000000 9.000000 5.000000 9.000000
l 5.000000 9.000000 9.000000 9.000000 9.000000 5.000000
l 5.000000 9.000000 9.000000 5.000000 5.000000 5.000000
l 9.000000 5.000000 9.000000 9.000000 9.000000 5.000000
l 9.000000 5.000000 9.000000 5.000000 5.000000 5.000000
l 9.000000 9.000000 5.000000 5.000000 5.000000 5.000000
